	M5.8.22.17	M12.10.31.17	M36.3.13.18	M8.9.5.17	M20.10.31.17	M17.11.27.17	M18.11.14.17	M9.8.8.17	M11.10.31.17	M35.3.13.18	M19.12.11.17	M35.2.27.18	M21.12.19.17	M1.9.5.17	M21.11.8.17	M2.8.8.17	M6.9.5.17	M12.11.28.17	M17.11.14.17	M19.11.28.17	M4.9.5.17	M12.11.14.17	M11.11.14.17	M27.11.8.17	M30.11.8.17	M23.11.8.17	M11.11.27.17	M38.2.27.18	M2.7.25.17	M33.2.27.18	M5.7.25.17	M20.11.27.17	M12.12.11.17	M2.8.22.17	M19.10.31.17	M37.2.27.18	M14.11.27.17	M9.9.5.17	M17.10.31.17	M9.7.25.17	M18.11.28.17	M13.11.27.17	M2.9.5.17	M8.8.8.17	M24.12.19.17	M13.11.14.17	M21.11.22.17	M1.8.8.17	M8.8.22.17	M6.8.8.17	M10.7.25.17	M8.9.19.17	M22.12.19.17	M23.12.6.17	M7.8.8.17	M10.8.22.17	M1.7.25.17	M15.11.28.17	M23.11.22.17	M15.11.14.17	M3.7.11.17	M22.11.22.17	M37.4.9.18	M10.8.8.17	M27.11.22.17	M31.2.13.18	M15.10.31.17	M23.12.19.17	M36.2.27.18	M31.2.27.18	M22.11.8.17	M30.12.19.17	M5.9.5.17	M29.11.22.17	M33.3.12.18	M32.2.27.18	M14.11.14.17	M34.2.13.18	M10.9.5.17	M14.10.31.17	M18.12.11.17	M32.2.13.18	M16.11.14.17	M30.12.6.17	M27.12.19.17	M34.1.30.18	M31.1.30.18	M29.12.6.17	M13.10.31.17	M29.11.8.17	M32.1.30.18	M21.12.6.17	M33.1.30.18	M32.3.12.18	M2.7.11.17	M30.11.22.17	M34.3.12.18	M29.12.19.17	M33.2.13.18	M22.12.6.17	M15.12.11.17	M1.8.22.17	M9.8.22.17	M3.8.22.17	M3.8.8.17	M4.8.22.17	M3.7.25.17	M34.2.27.18	M18.10.31.17	M27.12.6.17	M9.9.19.17	M3.9.5.17	M24.12.6.17	M24.11.22.17	M6.8.22.17	M31.3.12.18	M16.10.31.17	M6.7.25.17	M1.7.11.17	M7.9.5.17	M2.9.19.17	M10.7.11.17	M38.3.13.18	M4.7.25.17	M4.8.8.17	M37.3.13.18	M5.8.8.17	M7.7.25.17	M8.7.11.17	M19.11.14.17	M4.7.11.17	M16.11.27.17	M35.3.27.18	M7.8.22.17	M9.7.11.17	M5.7.11.17	M8.7.25.17	M7.7.11.17	M20.11.14.17	M1.9.19.17	M6.7.11.17	M37.3.27.18	M38.4.9.18	M24.11.8.17	M35.4.9.18	M38.3.27.18	M36.3.27.18	M36.4.9.18
M5.8.22.17	0.0	0.752646936622	0.898032394212	0.172365429557	0.842213994344	0.856101448951	0.81727738699	0.171636925461	0.712091916069	0.87556886262	0.732162981521	0.90852232748	0.709442133208	0.697678180117	0.707890305917	0.632243525359	0.296183429335	0.73697486129	0.848167965355	0.859955391406	0.64480731628	0.757022949023	0.705973349472	0.819537585227	0.798000998285	0.778035381327	0.701478707858	0.925661740529	0.641632807796	0.768611079119	0.78248826141	0.838406372613	0.722421932294	0.124493371447	0.846306104818	0.946149143138	0.766512197013	0.206926839153	0.835045365047	0.317517170822	0.858926992902	0.707363085543	0.650358939056	0.175716763967	0.692734727366	0.721558104893	0.710001780789	0.597448386342	0.565283327592	0.227268210785	0.263302901559	0.348013870522	0.740994931869	0.779680039675	0.200051687864	0.60473201419	0.607044359583	0.718618172117	0.829294168036	0.713745989055	0.674034304061	0.809049806908	0.940253937323	0.251806738623	0.7529605532	0.779809910023	0.715960025642	0.735992196623	0.943535804832	0.791169050089	0.795487870446	0.774031467087	0.736567546353	0.802726103892	0.78321790378	0.780319703794	0.72442882197	0.775533529583	0.230157046898	0.720279664723	0.740303746364	0.758035782801	0.802569889193	0.79965954908	0.762233897782	0.75798489335	0.753375615893	0.806676768744	0.723734804772	0.827135572156	0.78128601771	0.741788998932	0.773779459178	0.786812597265	0.759787814233	0.784376214729	0.785019240149	0.787487613485	0.808995448781	0.803542491604	0.713374864474	0.275432160054	0.689460645591	0.143696239136	0.612613190518	0.243547165984	0.831423712718	0.764487575563	0.831830217944	0.804428387484	0.471072542914	0.688591133068	0.73615653263	0.859463153619	0.621840243172	0.793375143802	0.860758797237	0.729625359334	0.350737105241	0.28337028339	0.46389279348	0.801151373559	0.877170600202	0.664150303849	0.753289474227	0.901924791679	0.839525491346	0.774725965024	0.735177824058	0.836936714837	0.80881832791	0.80310053179	0.897506179434	0.733194515533	0.519502528322	0.586981529666	0.499354305046	0.751108089001	0.828434978938	0.591588747698	0.847057940992	0.899126939065	0.935584306821	0.888758466212	0.943244357455	0.907875208524	0.93830825568	0.924559636574
M12.10.31.17	0.752646936622	0.0	0.933858859801	0.715520698694	0.834794225001	0.717596773842	0.710308777973	0.760256746686	0.355033357131	0.867250452842	0.388180663215	0.915632568633	0.556829902172	0.665738371392	0.575957838634	0.710337376589	0.697298407171	0.300736054191	0.758429153882	0.758648771522	0.727312422461	0.265092842388	0.393889360488	0.579772192375	0.560734965786	0.620173075596	0.426834841784	0.971929897161	0.812599267149	0.561223200101	0.824190256379	0.692573663515	0.290510980424	0.747090748141	0.725819248876	0.994213775657	0.410149419449	0.697641448883	0.776528532936	0.774111450844	0.724327348722	0.296464498278	0.661484545528	0.757262481183	0.684878935642	0.370415873304	0.595616860025	0.75454957897	0.813118415081	0.757167019195	0.75319912855	0.540372124597	0.68040604186	0.742847842789	0.757352800584	0.829421610564	0.819939316883	0.313046826787	0.730719561719	0.355309792986	0.723003768397	0.708992550581	0.975633113591	0.767832788164	0.556944238418	0.634804667085	0.21527777892	0.651957607394	0.99695065549	0.632643018812	0.895372615375	0.560404880575	0.688487625118	0.598060186372	0.608855271098	0.596548218254	0.267257858479	0.565227031402	0.685646565394	0.302048967147	0.435562222095	0.612133565231	0.836832944302	0.616660350478	0.570407363056	0.619280988606	0.604372454543	0.578869927278	0.268337129142	0.555660233192	0.640343951953	0.547219235583	0.611928235045	0.591523884865	0.774098252971	0.565929362332	0.629992285147	0.58277124687	0.65070891907	0.795943187526	0.369514389202	0.765748813145	0.742110721904	0.74237433404	0.767447993172	0.77591899856	0.771954077385	0.557803719932	0.67593421166	0.702938873194	0.634861326322	0.660667370799	0.776775442186	0.899008908729	0.777374506672	0.698703752092	0.872149054275	0.557004355266	0.682194566705	0.66156433797	0.606376763876	0.818733278469	0.912278913125	0.887829565422	0.439668088703	0.916158761174	0.720954495942	0.676492631081	0.749728816123	0.742546453378	0.781343838026	0.852724904344	0.94203345948	0.673431787932	0.796918123838	0.726975473192	0.76117272211	0.810098111821	0.912648362286	0.664561043428	0.838235120247	0.973632565298	0.992357020645	0.962500715884	0.986096850302	0.949123003756	0.987492984867	0.98861171203
M36.3.13.18	0.898032394212	0.933858859801	0.0	0.914259050261	0.750127488371	0.846201266414	0.858322200135	0.910665407293	0.883336824254	0.283901962791	0.821668297724	0.299743835109	0.80783811866	0.920134286575	0.729947077378	0.909451354239	0.914860407336	0.875796447282	0.854435518533	0.897363621126	0.874574902356	0.912719987716	0.843505297444	0.806843012808	0.819910518584	0.75259679645	0.831187339308	0.344663210844	0.791447421931	0.900479444233	0.838857907594	0.914275160532	0.886748593606	0.916476816604	0.865576843556	0.611549709902	0.883933337469	0.910099006558	0.882842677888	0.858286437665	0.878926652837	0.875517904562	0.913650059056	0.920344968988	0.62947983856	0.847712724231	0.741211304534	0.902320487546	0.896070929716	0.90795077508	0.84871185626	0.963224422506	0.698105708661	0.789844228383	0.918624308339	0.874279470545	0.769644414732	0.871266835072	0.640201118734	0.863112887377	0.898067740225	0.603360126882	0.527772632195	0.919803272094	0.888972756484	0.895965782824	0.897103987534	0.593189272741	0.602692667633	0.90349775849	0.569166528736	0.866296529821	0.881891615306	0.807700180998	0.904283636346	0.906703282221	0.846737167351	0.915598411423	0.929759099163	0.871448336602	0.805664353795	0.901152544543	0.744177550889	0.864217286071	0.845984823414	0.918819478409	0.904379518086	0.823299170435	0.879952351344	0.853539214362	0.893525799691	0.81676257403	0.919813911636	0.912894319649	0.92725896209	0.781131841931	0.909685156668	0.844842392455	0.897513513566	0.651145189026	0.84936803375	0.933238865604	0.896947195769	0.917785233575	0.881111962593	0.919421274258	0.873595347383	0.924941682712	0.885093578393	0.948986467265	0.955944770017	0.907081711153	0.490249755743	0.606058959457	0.750902721001	0.909262148646	0.705872270442	0.793347787788	0.910978682672	0.92188084254	0.966742168662	0.914813745308	0.407670240296	0.830708930906	0.8064484414	0.275432225773	0.932813534325	0.725322706829	0.907830543251	0.884336276408	0.929727311095	0.812815003236	0.388111748286	0.84627427067	0.833815256021	0.774276359115	0.863282040735	0.875113769276	0.879325790537	0.946354334952	0.932176138461	0.68301012212	0.54956555806	0.684444436887	0.617257453623	0.634099900748	0.658866624729	0.576777827581
M8.9.5.17	0.172365429557	0.715520698694	0.914259050261	0.0	0.833014511862	0.84380913672	0.80643689799	0.249694576203	0.651365381564	0.879679648255	0.69435491315	0.923384012645	0.665051890874	0.699560327623	0.680976554848	0.627456363384	0.244076321422	0.689540704638	0.836073220253	0.849474051059	0.642511673508	0.736069096027	0.651954366717	0.810378401268	0.788935179454	0.763938191569	0.655071944642	0.929834709745	0.636235796397	0.754468419815	0.78492919585	0.825081082006	0.673448180254	0.18200179863	0.835287170139	0.961113626976	0.751492261111	0.186328035058	0.838821372608	0.348686019593	0.846877175207	0.659973096098	0.651826047222	0.260919996932	0.69202024511	0.69040369036	0.67460241972	0.589764620525	0.570556900864	0.283865632605	0.327859882611	0.265206516453	0.714281371565	0.746147988955	0.287133983708	0.612994844214	0.600248728984	0.677485999457	0.810006306582	0.683731197826	0.6665389799	0.785664172679	0.946350176863	0.304882480004	0.747726737334	0.754371418237	0.671126627917	0.724381119703	0.949574366154	0.764746173064	0.755007814559	0.763436852937	0.742605434027	0.791390843232	0.744443920109	0.749918997936	0.704480477475	0.758283281053	0.207993386793	0.671413328115	0.706146037619	0.746045480595	0.79672740472	0.782689254687	0.758846645624	0.746435959629	0.744576879514	0.797534918231	0.678995999831	0.812438745728	0.772555827194	0.712454080454	0.763609898007	0.758654813801	0.757882817734	0.772717223508	0.755615924757	0.779102276911	0.780157421351	0.76917648654	0.662899552166	0.269913179501	0.704252737288	0.138470777652	0.615506944802	0.244414819091	0.818693376371	0.734042666172	0.820993269529	0.803759301556	0.462095026734	0.691112176013	0.728672047048	0.839773797838	0.62196646384	0.758992891337	0.857303888535	0.710301420576	0.322468929048	0.288705978769	0.428519502707	0.790984190882	0.891984011975	0.672448946015	0.722173689416	0.921747215992	0.82518402777	0.754383361938	0.735397428198	0.835532656384	0.809579658592	0.804794759028	0.906309912342	0.743410586398	0.539255879228	0.594338941603	0.530276836162	0.757140327543	0.832421633315	0.578150178556	0.856406250304	0.88718768797	0.951849515642	0.88384904049	0.957369307714	0.931927587201	0.950413480948	0.939138227134
M20.10.31.17	0.842213994344	0.834794225001	0.750127488371	0.833014511862	0.0	0.359981228517	0.355861814118	0.868508004071	0.757147797881	0.73326444538	0.795958363602	0.803960711631	0.786333281446	0.615331123663	0.754170395439	0.606521422389	0.8155817843	0.770452832547	0.368248646301	0.381106880546	0.555135457624	0.825459400919	0.741462425197	0.789313558722	0.788981282774	0.701461247341	0.742518230153	0.789971949381	0.459134535548	0.813947041065	0.597101929333	0.487291528903	0.782689270734	0.84135787775	0.359256653724	0.922000103361	0.80938437839	0.796827615222	0.349339099729	0.824624057084	0.413234403347	0.790441374539	0.5864923807	0.856651842025	0.654445027534	0.774133315161	0.737122869958	0.662088344609	0.648274175107	0.842330759428	0.808911672568	0.844399718549	0.709823150769	0.802006400693	0.85105420893	0.634035391235	0.591866520085	0.768668918778	0.720696327958	0.76234942869	0.492384838206	0.698898942643	0.885633943543	0.858491237888	0.848733631981	0.829276135835	0.829356064514	0.683856244285	0.917171365985	0.787181496703	0.696790409953	0.825147718093	0.540868211179	0.788163811481	0.797465893101	0.790271768141	0.782613808796	0.809719536815	0.816079860945	0.813379189183	0.765759643253	0.837262916015	0.167502979613	0.805755268046	0.804401437806	0.821694038893	0.811906239304	0.794314030492	0.808910447803	0.812974774734	0.759327204576	0.860230231887	0.79000048658	0.81793018968	0.70670715539	0.769441230311	0.776971667904	0.81220657164	0.767903442779	0.702477341104	0.746848634779	0.835527580709	0.633331074568	0.850705555308	0.664208806186	0.841458300171	0.390644539	0.794632668532	0.388240531248	0.883631435975	0.819121691168	0.582494375489	0.670751170549	0.766777279459	0.624462276526	0.783997930253	0.207944216642	0.851557417348	0.771600653006	0.856940969541	0.808327052367	0.638240016733	0.828989078986	0.667103573614	0.807965345421	0.764475927907	0.512452635821	0.728607270048	0.624606217772	0.4256062786	0.732760705919	0.261438792726	0.78199949684	0.730103302413	0.584982797234	0.597325036294	0.85181493786	0.605744188755	0.485258303604	0.737427903308	0.849507381816	0.819473155537	0.91008978517	0.788082704208	0.799713002309	0.865700788376	0.922476094908	0.791165542368
M17.11.27.17	0.856101448951	0.717596773842	0.846201266414	0.84380913672	0.359981228517	0.0	0.199473545002	0.873544338901	0.611390022347	0.828034043279	0.675865201251	0.848084748669	0.65205996531	0.459471486188	0.654354288274	0.468174588043	0.820166501002	0.66614123979	0.192926722128	0.201734670289	0.442219896566	0.682091655047	0.616695710764	0.665784086913	0.686117941428	0.635466831961	0.623226756298	0.883330234985	0.529703458616	0.63024952335	0.592789630247	0.196876381459	0.645732665146	0.853736679447	0.180729355793	0.942456396102	0.714734884786	0.813402138828	0.330133881603	0.830607589479	0.198826125578	0.64714300441	0.429830540936	0.877204258861	0.589583882094	0.684725832843	0.644284056824	0.57301840488	0.621950202418	0.847343455108	0.813367895176	0.705449235252	0.625554917438	0.713139406242	0.866343040749	0.635180367687	0.679929569704	0.645071605668	0.690102159778	0.683900636992	0.331447270461	0.644174222292	0.905699838523	0.882211234478	0.682751191992	0.677794655849	0.693050048783	0.601774820388	0.948574582849	0.663661691165	0.786744820077	0.679360218356	0.380512876089	0.691385532418	0.682815028353	0.672795949128	0.697457698062	0.653280074767	0.822657551831	0.688343467545	0.676400962807	0.684009457768	0.386922965355	0.678557167837	0.673221896045	0.679808578654	0.667199885096	0.684584256378	0.687633963001	0.674204312172	0.596888354084	0.690295754813	0.669104984491	0.658517033855	0.708630872717	0.670914917354	0.663585577568	0.686243842318	0.616647230037	0.693994292384	0.67456321522	0.848570976639	0.532249291625	0.867795759692	0.608853475384	0.852309303968	0.304298076666	0.641203313311	0.166241682462	0.791480730685	0.726003321157	0.423872497629	0.722427868039	0.820847325558	0.594339080582	0.717370835503	0.48865535879	0.681925499949	0.780945218549	0.868699735898	0.709737941036	0.592312998575	0.848658329199	0.723813102989	0.701326244921	0.84706732334	0.299624065866	0.635615781556	0.576724552035	0.31311235472	0.750966901707	0.433406289061	0.876486461859	0.608236136925	0.614463200284	0.616950994147	0.852668490609	0.605346001731	0.463375231566	0.675029242374	0.876859624978	0.889981674176	0.925481150909	0.878709471395	0.891956292887	0.865110344703	0.942253246678	0.896587157581
M18.11.14.17	0.81727738699	0.710308777973	0.858322200135	0.80643689799	0.355861814118	0.199473545002	0.0	0.847870012764	0.643680215802	0.844096692331	0.662189851044	0.875279156947	0.683020116528	0.481102573177	0.669595733646	0.481139708933	0.791279336426	0.647537506409	0.151275727987	0.204907100635	0.448663662558	0.686871923901	0.627698520851	0.729048208024	0.731605785516	0.634502418462	0.585359447315	0.897623671699	0.536680631813	0.626113137241	0.602608160008	0.175266711969	0.62629378305	0.821310811777	0.215614029976	0.959911119777	0.704360110681	0.77457908285	0.324184519456	0.816616189558	0.22786485705	0.632840462153	0.435682452759	0.833991321975	0.596261818254	0.652696101127	0.66093380582	0.599627549309	0.645582886119	0.815318663686	0.796886945488	0.704019022347	0.652410056187	0.721045631781	0.848828005556	0.672716054472	0.711081466926	0.630625635674	0.720881010582	0.660358444804	0.256115115829	0.681787250892	0.924486018139	0.851067563629	0.730375221383	0.665569750761	0.694741746759	0.635357147427	0.954485873647	0.649307147359	0.802005220215	0.72433094145	0.411020448756	0.733287565213	0.644998106435	0.648398960523	0.677961199695	0.637488851537	0.796922860164	0.682206174371	0.650482414681	0.673523031565	0.313067852586	0.717755255586	0.7154270697	0.680909370768	0.6607392373	0.725975191494	0.678830496964	0.717526046759	0.646462294865	0.717151323564	0.620683467327	0.640710228308	0.688720920812	0.724247426504	0.662435260054	0.729596262547	0.636564609712	0.726080038392	0.640400460088	0.820915000581	0.558196154847	0.825592940233	0.648174116475	0.821894304984	0.192212449523	0.625603150317	0.156422346965	0.81503132698	0.717280758772	0.450873472769	0.755173751048	0.850737685519	0.615830019866	0.711073006975	0.423674555311	0.696240715186	0.755895232194	0.84270640369	0.703949054274	0.579475289794	0.856543717423	0.758196450236	0.703259664585	0.875733419978	0.230795006681	0.665367180099	0.57526009253	0.313493392088	0.746347737005	0.377355744213	0.889414634981	0.650160893135	0.643768838571	0.627020710565	0.835514695448	0.60363832066	0.362551777287	0.657180969716	0.859068627024	0.918017462632	0.947865939133	0.907248394393	0.920633529869	0.893793676225	0.963814203186	0.90995297084
M9.8.8.17	0.171636925461	0.760256746686	0.910665407293	0.249694576203	0.868508004071	0.873544338901	0.847870012764	0.0	0.743731406273	0.882367209115	0.763863934934	0.90488896252	0.69725096661	0.702607064703	0.745079511754	0.622376397504	0.372496130542	0.747841371271	0.867656539697	0.867806028736	0.648438166173	0.770693280135	0.728022018191	0.824506891788	0.80558507424	0.808626924079	0.717442458946	0.944609219734	0.700438589032	0.807342417891	0.779679191946	0.855261841877	0.733891842582	0.190761439092	0.858010260015	0.952757509952	0.764875227638	0.316297421876	0.85912351079	0.249231159925	0.867142488003	0.725422985175	0.657790982134	0.139640046799	0.70576129925	0.739917159595	0.711773595678	0.590380060481	0.571381042975	0.187748524847	0.226139222333	0.364957140108	0.754423751925	0.767659588672	0.161262809988	0.617225997288	0.57861723183	0.741720115948	0.810842589997	0.735955009198	0.687157539902	0.795918182854	0.94089862469	0.216046055869	0.758421065016	0.794529355599	0.721190660556	0.753962129055	0.967447093744	0.815888178289	0.813566894647	0.774532677648	0.751226342612	0.805991581774	0.810874684688	0.805749910076	0.737372211299	0.804094567117	0.334240367371	0.726950199116	0.749298947644	0.798108175798	0.839928125816	0.806699043049	0.76498594624	0.809296392778	0.795448763152	0.806894714564	0.724703667422	0.836758506289	0.826335620284	0.721456200338	0.814752516343	0.807907762252	0.776773723277	0.784885824554	0.801215927663	0.793322983282	0.818319321852	0.778811815882	0.73324666132	0.290773125719	0.685734916959	0.168955281511	0.604158830593	0.272476345001	0.866378272681	0.795638308819	0.852776704656	0.810105568136	0.493410026018	0.69679458885	0.749579387918	0.854303018339	0.632058332368	0.815009333541	0.87315806647	0.713634472692	0.437095498267	0.346993822368	0.484947699946	0.830036475852	0.893795203106	0.662739546441	0.770436841858	0.901829171143	0.872829820243	0.781866488869	0.741703056007	0.855500681396	0.796929180993	0.840845675124	0.904323348701	0.742619480215	0.519938217212	0.624673786985	0.462241591091	0.781871681061	0.898939749387	0.571382514733	0.881850082523	0.859168200797	0.927146928762	0.865828118518	0.937217921537	0.877811417782	0.913361949707	0.938423289644
M11.10.31.17	0.712091916069	0.355033357131	0.883336824254	0.651365381564	0.757147797881	0.611390022347	0.643680215802	0.743731406273	0.0	0.840025033442	0.318455446074	0.85215503834	0.568339952202	0.685397521851	0.536126594875	0.694588190867	0.590262196281	0.316708648406	0.652924200731	0.690720323528	0.683261353727	0.398363041991	0.129075779046	0.537573401601	0.548512619627	0.618636998628	0.218031593941	0.931469218206	0.768716295383	0.531477245418	0.826525342276	0.618858679362	0.256799394812	0.700776841704	0.655617732088	0.960070199971	0.53500658329	0.643968613666	0.785142151469	0.738394750224	0.662757147031	0.28518297446	0.676701007909	0.753326591249	0.566290067008	0.343264572576	0.585982966795	0.728018681695	0.789589215477	0.745343102554	0.716640113981	0.527076547374	0.662076228309	0.709477767938	0.750377618997	0.803223930625	0.7964876165	0.280232595286	0.722817294734	0.339958304964	0.679348840705	0.672324051805	0.92715033332	0.776958617456	0.558430925529	0.567861135852	0.268713549073	0.600438481691	0.956068664968	0.587912324598	0.829738111629	0.555355141495	0.650123938137	0.569730156701	0.559356142858	0.561133475752	0.399555633522	0.537672696889	0.583322397308	0.224143947939	0.395966747935	0.551388139594	0.774339777052	0.639928264796	0.563320139302	0.525052618475	0.551898289681	0.588769520099	0.216402117194	0.531486516076	0.556284217383	0.59357257418	0.603942338859	0.525989839995	0.76736338183	0.583958767524	0.547101978554	0.577998642406	0.565220208806	0.713982569826	0.332934070566	0.768227928266	0.735760349789	0.724308201879	0.755330430764	0.754264082404	0.720090168778	0.523782372445	0.631616208154	0.723926354318	0.655181357859	0.675703224268	0.690448323369	0.864027498709	0.719549989337	0.640239400235	0.798106157482	0.598442043387	0.632068181009	0.665977630182	0.617055178743	0.789848252312	0.848649707975	0.848982661845	0.375427922357	0.841079222914	0.674477244148	0.686710859544	0.796683741769	0.705901839792	0.885860127588	0.766091293161	0.901269467782	0.692472135171	0.767440047195	0.701550514459	0.784890306583	0.817325897147	0.847152837678	0.690146802914	0.917771984749	0.930930699448	0.952028817684	0.926290755004	0.944841857072	0.907416608059	0.945815256581	0.947639847159
M35.3.13.18	0.87556886262	0.867250452842	0.283901962791	0.879679648255	0.73326444538	0.828034043279	0.844096692331	0.882367209115	0.840025033442	0.0	0.802636465067	0.45294659486	0.707338001787	0.879862683621	0.64041647733	0.864641423572	0.856160079568	0.811400316409	0.840895249461	0.873669700853	0.836347598658	0.857097026208	0.79046789033	0.735576819898	0.744534912393	0.671644944456	0.785057893373	0.506209385703	0.747318028206	0.873409774055	0.785643360242	0.901328574671	0.847027656953	0.891076214459	0.843845294067	0.726187260795	0.82104924777	0.883355840416	0.85723528152	0.812170680249	0.855742897254	0.818434818992	0.879243317991	0.884232291954	0.575191057603	0.80351611429	0.688910488534	0.858016569146	0.871455509849	0.88431512368	0.80653895474	0.888460914313	0.657729837385	0.701636287065	0.895415119674	0.847237852441	0.733124113756	0.824737098444	0.571246140585	0.810185347564	0.875461830664	0.533212411561	0.75310642386	0.903384666727	0.806374969887	0.868403946505	0.839412012302	0.537489714449	0.746068308899	0.877181693958	0.554234289903	0.792431984368	0.846075685477	0.737097127038	0.876417675556	0.874843538357	0.792445848332	0.882764351559	0.891219720954	0.825749399999	0.782607674178	0.879154119822	0.720603248477	0.780679515854	0.785927522724	0.895650679068	0.888383622055	0.750821355006	0.826775958748	0.766703535159	0.884326301613	0.72505156563	0.892938172166	0.893328015712	0.913763718358	0.70464753736	0.882024721953	0.776931737114	0.870682362374	0.622006003851	0.810012821388	0.909814632642	0.843703574766	0.892192457361	0.834894248634	0.899180792712	0.863756140655	0.879840915655	0.863085791209	0.881004059575	0.932754925576	0.864164232006	0.437208809533	0.609947418947	0.732987928651	0.882876615449	0.69474180839	0.719875722215	0.873544257353	0.858938590736	0.917296826818	0.905609547577	0.351129710403	0.8004576806	0.787367134042	0.379722208787	0.923783241592	0.699217523268	0.900536323499	0.864367755841	0.915251109379	0.77631473955	0.261596380866	0.832257971894	0.825017642341	0.733522872481	0.835866135683	0.865807951903	0.866058774559	0.878017382511	0.92027847895	0.627086644961	0.698327877072	0.666767155075	0.627902113329	0.560443144483	0.766567812942	0.584965421059
M19.12.11.17	0.732162981521	0.388180663215	0.821668297724	0.69435491315	0.795958363602	0.675865201251	0.662189851044	0.763863934934	0.318455446074	0.802636465067	0.0	0.812329526391	0.561577254324	0.698902630654	0.496795110149	0.732359207538	0.654244554537	0.220152337109	0.682710379648	0.706203736844	0.748544670498	0.437792936428	0.312649400235	0.593279490208	0.628233889113	0.664224719028	0.334466615175	0.943301913896	0.78197187713	0.565086867773	0.808355941564	0.676529620577	0.222600628053	0.730495329163	0.650234042028	0.974069051872	0.499900885111	0.685653790136	0.71018134576	0.76245049302	0.682316285867	0.228530098067	0.742242172898	0.782214522086	0.594431947916	0.25137497818	0.581727294677	0.755077128918	0.80187165846	0.7648380935	0.752447848223	0.60649587533	0.667770142596	0.702016815748	0.782776360139	0.817731171519	0.801556158556	0.229345121763	0.754447425559	0.259695940011	0.684694217739	0.734885793252	0.949809042603	0.809882514355	0.633653618905	0.559320091524	0.291480745977	0.62747681995	0.973453615385	0.576412990092	0.839839566333	0.616465818701	0.736829333854	0.638139741612	0.562501268381	0.569322682246	0.349076126408	0.560459912012	0.658306066436	0.254682217054	0.236829687996	0.56744978227	0.798610188482	0.67299373138	0.622183495222	0.571880344809	0.58355361885	0.628019396023	0.24652427221	0.617657727518	0.592962849626	0.578837014791	0.619250123957	0.550530279856	0.741698624292	0.664926619823	0.571850957875	0.623277710358	0.590283923241	0.754207291381	0.222874199915	0.746327605193	0.764386470108	0.74974814469	0.77225059797	0.777146498632	0.715413969441	0.568608638755	0.644259665267	0.777641695493	0.622345623804	0.738806569277	0.678106989763	0.901305531117	0.749159638222	0.633691137569	0.838207861162	0.582940899791	0.659761176655	0.748039120717	0.608960414214	0.752661619979	0.787958278738	0.853942602448	0.176780562253	0.817240112092	0.71669000563	0.692212689252	0.716774711057	0.698514359375	0.777613924531	0.815925208487	0.876110377156	0.732529349044	0.775401162553	0.710049534721	0.757539975941	0.738175302851	0.854502447215	0.715544987544	0.822874245717	0.934739336961	0.982378827069	0.940259046669	0.974349752483	0.871989861501	0.979626014072	0.959719644805
M35.2.27.18	0.90852232748	0.915632568633	0.299743835109	0.923384012645	0.803960711631	0.848084748669	0.875279156947	0.90488896252	0.85215503834	0.45294659486	0.812329526391	0.0	0.776941502723	0.908458562213	0.751102682096	0.897604921781	0.90055923059	0.861085761467	0.862121255658	0.895231478966	0.864153612123	0.898831137645	0.815712883535	0.801248949565	0.821643065243	0.84923044303	0.803566977595	0.291950363597	0.836783224943	0.887792881454	0.875462417026	0.913077157486	0.864524615218	0.917592404524	0.864918219802	0.418173790847	0.874034572678	0.924582315961	0.89860905189	0.838454163155	0.876243300391	0.850058311079	0.901634190804	0.914168084578	0.652089285532	0.820001599278	0.779941450943	0.892016164567	0.888056147557	0.915524721296	0.829609345741	0.944850331298	0.789420405225	0.801590504103	0.92293455492	0.865027988107	0.822339266636	0.847533268714	0.745665261966	0.836073669016	0.888895756603	0.712408911093	0.39654074003	0.927264201098	0.861209958237	0.88973187479	0.878824404697	0.719760467049	0.432862143201	0.895759169298	0.715652637728	0.853216088646	0.870583969869	0.843466370972	0.89716155054	0.8943574719	0.832542479545	0.903976405882	0.923716138089	0.849283265451	0.782644305743	0.888832237932	0.798410867623	0.863903727903	0.846960425065	0.905139057978	0.891758797062	0.845212281846	0.859646671851	0.825612194584	0.891690539773	0.792973620075	0.896326612997	0.901320594327	0.914510595895	0.848364811158	0.89684203292	0.848751655065	0.899326157487	0.76576055015	0.828920714525	0.937455554083	0.891379366216	0.926998332481	0.873692973712	0.924796607399	0.880452204234	0.917885691942	0.895093244539	0.940994541896	0.949342572442	0.896854824843	0.577863392548	0.736242573287	0.811243790452	0.901597461526	0.793626847389	0.774436317416	0.909749105573	0.923670935748	0.949272681245	0.905951614718	0.516373790471	0.839954561963	0.791565001931	0.396890084666	0.930170451313	0.808767287932	0.89572460792	0.905302295195	0.936142818245	0.820653734749	0.573248157712	0.834454797117	0.827908363715	0.813899776057	0.858745054632	0.869039986421	0.886970207876	0.933763335852	0.956245136994	0.736632125071	0.545444682875	0.812967027777	0.732066051374	0.632442487163	0.684867150367	0.705543696521
M21.12.19.17	0.709442133208	0.556829902172	0.80783811866	0.665051890874	0.786333281446	0.65205996531	0.683020116528	0.69725096661	0.568339952202	0.707338001787	0.561577254324	0.776941502723	0.0	0.615254880026	0.257986123703	0.623416918702	0.637953470248	0.562292751385	0.723290125172	0.735109446353	0.584307616888	0.611645616868	0.548730175406	0.474954158367	0.45475861213	0.387659101696	0.567624612586	0.886248176672	0.694527725991	0.622756414308	0.781162606117	0.670488941606	0.564142836452	0.712167968259	0.736707384305	0.983022489339	0.640690795506	0.68382002627	0.834848048612	0.645171804116	0.703910534081	0.518104949245	0.564866770537	0.748065834731	0.376015899032	0.56306005015	0.213132902456	0.675966872234	0.750724746814	0.700524934027	0.660450933468	0.508015350898	0.367057770337	0.497759689976	0.746950790085	0.766973353199	0.711079068581	0.538395434056	0.522297536667	0.55289166021	0.66928077519	0.460136278238	0.945845817785	0.781388050804	0.421007683705	0.695644252999	0.507085770861	0.382078077982	0.985076489589	0.706967544732	0.678359900406	0.450859368345	0.578293560173	0.451566886105	0.687488361122	0.693279512645	0.587158204526	0.656870576402	0.674159227433	0.537715979939	0.603391029603	0.674142885382	0.78507897573	0.468421618818	0.447917231238	0.679210716817	0.673120496505	0.440463638948	0.538803523299	0.496290909512	0.698457047294	0.154270205721	0.671220124565	0.653067476056	0.772072992381	0.421617478337	0.704023123113	0.436412707586	0.70025202604	0.518991373447	0.574823689774	0.72924711469	0.702620427017	0.711357753063	0.689826058407	0.702745295877	0.719007706088	0.677105601161	0.654840095476	0.660968460884	0.654475996525	0.554582173383	0.509375282551	0.711699107803	0.630324079059	0.755558912323	0.809847097158	0.234199751423	0.674375634683	0.6895332968	0.613383379338	0.808513709239	0.827403466634	0.81570076092	0.595840744644	0.798795469653	0.690043787323	0.403009665716	0.747772630612	0.771989751607	0.874426489182	0.79260231575	0.805179466683	0.504689086419	0.754044030943	0.655823014488	0.742262471545	0.793719225964	0.822682438555	0.645777321309	0.946268501541	0.805486072581	0.922292012904	0.802814757251	0.89993971526	0.847005664827	0.963415015347	0.904195990356
M1.9.5.17	0.697678180117	0.665738371392	0.920134286575	0.699560327623	0.615331123663	0.459471486188	0.481102573177	0.702607064703	0.685397521851	0.879862683621	0.698902630654	0.908458562213	0.615254880026	0.0	0.632936327238	0.254573524022	0.682476476393	0.672732512496	0.525674391936	0.516177277503	0.244710772398	0.667440706636	0.713702325325	0.67261954551	0.673033785172	0.626472709227	0.728043906159	0.9306662999	0.345423045439	0.682933992028	0.447027663873	0.475976736538	0.657128547738	0.685198924416	0.497495202022	0.967818473917	0.703786336855	0.656118072695	0.576201403646	0.656228850156	0.482343114317	0.647360410404	0.20386497598	0.70993888575	0.615129459073	0.701999671442	0.619782158295	0.285744122025	0.412322065508	0.688337703763	0.657548023547	0.516631678719	0.609869788744	0.691411891808	0.687896242096	0.433705205564	0.463510988888	0.655197520785	0.65702920605	0.686408480872	0.414506179087	0.626785570412	0.935213172341	0.723907123196	0.652161977981	0.719704184617	0.650329101921	0.621983522307	0.974133481119	0.744335975399	0.823287368284	0.635195526261	0.242782575026	0.663313289459	0.751560478348	0.74503062319	0.692881894344	0.691886109132	0.683541046784	0.687292795408	0.708528688537	0.722310374221	0.59467446775	0.650945619037	0.650326984271	0.701696389321	0.679126322354	0.645159703732	0.658210388629	0.675438362369	0.700262820759	0.640740100896	0.701355492318	0.725472163423	0.657973531759	0.641846503023	0.767993912833	0.640316227855	0.723509629205	0.714560524323	0.696223584052	0.580922678787	0.329784282764	0.70797562832	0.409209597542	0.6972431875	0.557702023233	0.717822717149	0.456136805402	0.776995227074	0.443513057323	0.202906336898	0.739482181926	0.829694183111	0.447052570301	0.826258294763	0.656032542227	0.625065221749	0.563194331604	0.722798009765	0.402220511161	0.609775293784	0.91131132782	0.633109147618	0.741353218338	0.905293642706	0.523142880537	0.635135150541	0.328239099037	0.561181688472	0.660087643214	0.578777830327	0.925398060585	0.474667841215	0.416727472323	0.46855970723	0.688828792272	0.500099513975	0.677559233074	0.44868575298	0.72661163347	0.922921878597	0.932105030869	0.901942525709	0.928374015954	0.920840569728	0.953688956138	0.934896686613
M21.11.8.17	0.707890305917	0.575957838634	0.729947077378	0.680976554848	0.754170395439	0.654354288274	0.669595733646	0.745079511754	0.536126594875	0.64041647733	0.496795110149	0.751102682096	0.257986123703	0.632936327238	0.0	0.652904558812	0.641271663164	0.534429151991	0.718238342611	0.743052206951	0.618225833145	0.613764041765	0.51949780763	0.510598543777	0.489589839714	0.345071820444	0.555425458704	0.817279184622	0.668886755292	0.636000975362	0.753973684071	0.701995975763	0.532599117209	0.723047263018	0.734920134111	0.965157086892	0.632941911997	0.685891808045	0.815128378525	0.688621966055	0.710429815736	0.50144061061	0.628627700895	0.770564042888	0.365067415012	0.53766133891	0.323119016413	0.70175520547	0.776156702678	0.745005860975	0.688438202211	0.564564913617	0.435666702303	0.549446023348	0.78180367102	0.795688783255	0.713175703322	0.510353816809	0.558034681358	0.536135662319	0.691842941339	0.484928982513	0.925900149389	0.805935829496	0.50829301484	0.689850946162	0.514035123787	0.372950478722	0.940512263318	0.697250594649	0.671905566528	0.530117572468	0.605938210219	0.47926108275	0.687476773701	0.684234832521	0.585440014366	0.644445257347	0.658969379667	0.523125636894	0.55441797319	0.680311342594	0.756942766735	0.481949235447	0.506295444392	0.666689885423	0.659258383206	0.494855660141	0.52517448339	0.506436147802	0.678816390552	0.336367528726	0.667171179587	0.655494807445	0.807389669687	0.501605433769	0.703455923265	0.508016271364	0.688645829932	0.569802381763	0.5444884694	0.77822866769	0.706434154353	0.744101272199	0.722132411401	0.764790747386	0.712133636493	0.666377144286	0.66540430711	0.679735728966	0.678705559423	0.613192780093	0.464781683774	0.741006667914	0.635240897116	0.751409518367	0.782639906172	0.401081322718	0.684611238681	0.726322207447	0.649527716387	0.8178696963	0.762382306162	0.805191731859	0.542367947937	0.770736168328	0.717483060796	0.491271292341	0.762903601104	0.754333758711	0.876758666316	0.77872630471	0.738874612763	0.615748817278	0.77751597015	0.641550242357	0.747289302222	0.797020980773	0.811425847099	0.684715121467	0.918712710494	0.829596093122	0.937449603767	0.806863371464	0.86687318308	0.815671133847	0.962142752637	0.852876795289
M2.8.8.17	0.632243525359	0.710337376589	0.909451354239	0.627456363384	0.606521422389	0.468174588043	0.481139708933	0.622376397504	0.694588190867	0.864641423572	0.732359207538	0.897604921781	0.623416918702	0.254573524022	0.652904558812	0.0	0.690833792475	0.691799166101	0.516762551733	0.517566161766	0.164280708699	0.705018016492	0.713102207942	0.680642217478	0.669690172277	0.632176622686	0.717881167944	0.921241022503	0.368735210966	0.715888701563	0.498833982275	0.504419131767	0.691793796857	0.604070275313	0.507590480699	0.975647972048	0.708569276033	0.656381822513	0.593624448916	0.558669151243	0.488019298094	0.682314584089	0.175961704746	0.641659333152	0.604386196455	0.706096046134	0.638734628332	0.175932760718	0.243829708952	0.595493918808	0.572689953818	0.495037797493	0.633422080883	0.678411414198	0.608627921696	0.300117049504	0.394012698419	0.674601085436	0.664656271192	0.695743372177	0.426356638852	0.65643604541	0.940353683157	0.62386288699	0.652183046153	0.736453320443	0.690680650812	0.639430958702	0.980562480441	0.74856732454	0.812674921708	0.638908587625	0.239800723393	0.685693471368	0.758533881626	0.746841946818	0.707454875548	0.724116297803	0.650369884056	0.695660797798	0.746531429955	0.725953595838	0.569450811293	0.650010924898	0.655602130414	0.729531652784	0.707682311166	0.644296578726	0.680852264538	0.689313845894	0.719403562663	0.667211978882	0.715370816024	0.740076241659	0.710225181879	0.641527011046	0.769087059976	0.659244946843	0.741825740062	0.703706668905	0.724298842203	0.597156685107	0.250410390316	0.616778436163	0.232675050643	0.609587475073	0.527132802856	0.715147074982	0.476144026373	0.763072177587	0.56653678722	0.198163545943	0.725893313699	0.835182799341	0.31740295753	0.82650159366	0.631853144328	0.658599080627	0.669694721271	0.723315455766	0.479476286113	0.668260134008	0.910987713998	0.528993800685	0.758015793114	0.886281143218	0.545109346733	0.660683707615	0.479228680596	0.571791661633	0.776630545173	0.542250257928	0.921662058319	0.462441667886	0.439077667668	0.556786418589	0.710618963528	0.608376416301	0.650343169165	0.454876621692	0.893678125094	0.918392561703	0.953591039078	0.900364634714	0.926138562767	0.914600154775	0.96442104034	0.930717716733
M6.9.5.17	0.296183429335	0.697298407171	0.914860407336	0.244076321422	0.8155817843	0.820166501002	0.791279336426	0.372496130542	0.590262196281	0.856160079568	0.654244554537	0.90055923059	0.637953470248	0.682476476393	0.641271663164	0.690833792475	0.0	0.651671903539	0.813916418777	0.82529680094	0.661502090028	0.717857069866	0.582058793024	0.779835096888	0.756872529658	0.741364898854	0.590096528422	0.940995466132	0.615893362712	0.723116262223	0.791160625569	0.802211541994	0.615609069311	0.312005887861	0.811036458269	0.958712203865	0.736641253258	0.243311023435	0.838453444021	0.439928247128	0.822469227975	0.622231771083	0.656759480972	0.409731204233	0.655203844844	0.62688132194	0.639198891395	0.664892828059	0.67416618035	0.435792331317	0.434792353238	0.343432972599	0.699174991828	0.727225574654	0.409721034793	0.700806096903	0.661179269932	0.628547734689	0.801750303942	0.634714407907	0.636948045296	0.751773650738	0.942416735135	0.465962623455	0.739127670341	0.727963169965	0.629642232857	0.716884615902	0.965231837867	0.733013882131	0.775635757052	0.75344491336	0.720487567196	0.758505324199	0.727283244913	0.719079317175	0.666357568017	0.729777424873	0.150274555271	0.606250029764	0.677922454874	0.69860974435	0.78080040964	0.78825095141	0.755820450986	0.688823387886	0.697024714596	0.776128673856	0.620592056532	0.770789630602	0.712778874939	0.679727627851	0.709755551053	0.733088305527	0.739711885971	0.754386324567	0.730123580655	0.744317606209	0.753432743022	0.746330410545	0.623883952538	0.397914579235	0.717885286192	0.331089900443	0.693676064561	0.379139259713	0.794247600129	0.70524696207	0.797959029391	0.799916407276	0.485949556106	0.680528141336	0.690335389569	0.841864599265	0.68330031006	0.744231509945	0.835635205001	0.673544745499	0.328042484656	0.233899640762	0.417960545704	0.789090526374	0.865971294141	0.734670443276	0.675171530295	0.88665003348	0.807874441621	0.73115705679	0.725235826734	0.848704988487	0.803738743915	0.784031686394	0.897983655389	0.749073777275	0.591132416616	0.58765039054	0.544670134442	0.749313595701	0.787172982609	0.57395626023	0.877492308594	0.88022776224	0.947164456967	0.883435630877	0.951080120681	0.907386653727	0.948258211074	0.94205969342
