	M34.1.30.18	M5.9.5.17	M20.11.27.17	M2.8.22.17	M14.11.27.17	M2.7.25.17	M3.8.22.17	M1.8.8.17	M1.7.25.17	M23.11.8.17	M19.11.28.17	M9.7.25.17	M8.8.8.17	M19.12.11.17	M4.8.22.17	M11.11.27.17	M24.11.8.17	M33.2.27.18	M9.8.8.17	M24.12.19.17	M6.8.8.17	M4.9.5.17	M12.11.28.17	M30.11.8.17	M20.10.31.17	M6.9.5.17	M2.9.5.17	M31.3.12.18	M29.11.22.17	M15.10.31.17	M27.11.8.17	M27.12.6.17	M35.3.27.18	M15.12.11.17	M30.12.19.17	M2.9.19.17	M5.7.11.17	M22.12.6.17	M4.7.25.17	M2.8.8.17	M8.8.22.17	M29.12.6.17	M18.11.28.17	M38.3.13.18	M8.7.25.17	M36.3.13.18	M1.8.22.17	M38.3.27.18	M24.12.6.17	M9.9.19.17	M23.12.19.17	M34.3.12.18	M22.12.19.17	M17.11.27.17	M27.12.19.17	M30.11.22.17	M8.9.19.17	M32.2.13.18	M29.11.8.17	M7.8.8.17	M3.8.8.17	M21.11.8.17	M10.7.11.17	M1.7.11.17	M9.7.11.17	M10.8.22.17	M32.3.12.18	M3.7.11.17	M31.1.30.18	M9.9.5.17	M33.1.30.18	M31.2.13.18	M33.2.13.18	M10.9.5.17	M3.9.5.17	M35.4.9.18	M10.7.25.17	M19.11.14.17	M32.2.27.18	M33.3.12.18	M29.12.19.17	M12.12.11.17	M22.11.8.17	M18.12.11.17	CS.283	M37.3.27.18	M31.2.27.18	M5.8.22.17	TFS.023	M22.11.22.17	M34.2.13.18	M16.11.27.17	M10.8.8.17	M7.7.11.17	M12.11.14.17	M18.10.31.17	M35.3.13.18	TFS.026	M8.9.5.17	M16.10.31.17	M30.12.6.17	M6.8.22.17	M12.10.31.17	M8.7.11.17	M1.9.5.17	M17.10.31.17	M13.11.14.17	M17.11.14.17	M7.8.22.17	M13.10.31.17	M21.12.6.17	M23.12.6.17	M38.2.27.18	M9.8.22.17	M21.11.22.17	M37.4.9.18	CS.224	M16.11.14.17	M2.7.11.17	M1.9.19.17	M7.7.25.17	M27.11.22.17	M34.2.27.18	M15.11.14.17	M23.11.22.17	M38.4.9.18	M21.12.19.17	M35.2.27.18	M24.11.22.17	M37.3.13.18	M32.1.30.18	M11.10.31.17	M19.10.31.17	M7.9.5.17	M18.11.14.17	M6.7.11.17	M3.7.25.17	M13.11.27.17	M15.11.28.17	M14.11.14.17	M11.11.14.17	M4.8.8.17	M5.7.25.17	M14.10.31.17	M36.4.9.18	M37.2.27.18	M20.11.14.17	M4.7.11.17	M36.2.27.18	M36.3.27.18	M5.8.8.17
M34.1.30.18	0.0	0.835019736418	0.694456228353	1.37294372741	1.05915499336	1.01411664069	1.48157181071	1.29659761634	1.43865320747	0.744306505967	0.770130565672	1.43944884284	1.61653541527	0.562890809195	1.68418084424	0.812100230051	1.42579765403	0.261180458364	1.50633590923	0.668494300769	1.64580653857	1.01619426776	0.56658191579	0.50024809587	0.971894257698	0.967621092466	1.00689412491	0.473475468006	0.43212421062	0.622670407715	0.461628074852	1.50355031841	1.59015882104	0.645859450064	0.522446382564	0.937114665511	1.08588779167	0.934778481243	1.8970802278	1.08589577496	1.47136825528	0.534121951552	0.644993856468	1.25701272391	1.65065891123	1.39473143867	1.45874828183	1.74866496912	0.947886363739	1.1179690091	0.831195476529	0.316164374534	0.788754865843	0.737988588189	0.486269381545	0.560797253045	1.0584855903	0.411174625895	0.477261486714	1.69680214942	1.5101447701	0.677248365269	1.26399272633	1.0077460948	1.35928733559	1.56033034153	0.230647764474	0.753068130122	0.254381018281	1.22853731013	0.330579126692	0.150339987832	0.307502167908	1.00377125982	1.04266409341	1.44130884487	1.4058729806	1.20261005242	0.401913561543	0.262762454245	0.533345159747	0.542635368649	1.25889501998	0.622497915437	1.25197544139	1.99468464105	0.239936304076	1.34410815218	1.49629043386	0.983108678857	0.312336339192	1.07729578623	1.83538264639	1.33351716541	0.830720042227	0.712765875637	1.24921103505	1.53030364298	1.30987333661	1.0966491998	0.725237191021	1.18503940037	0.789599629522	1.21442762063	1.0221939964	1.0339120721	0.707974619443	0.722485491289	1.36788499239	0.578065358005	0.928945155429	1.20121647147	1.76351750068	1.29017068356	0.78492487574	2.07591212869	1.15265336505	0.953016559018	1.53021230478	1.40579606091	0.748961351401	0.676449331782	0.695456386392	0.642807538564	1.13181614774	2.33112289944	0.816691308593	1.63409122242	1.34309046267	1.41364265301	0.223998760079	0.501148149482	0.788205344328	1.26554848124	0.631404720777	1.60471346246	0.964492139372	0.570699496404	0.586603257002	0.697843453683	0.601828808403	0.850576413369	1.41496028189	0.687515757058	1.64816891377	2.39766012127	1.32530039492	1.68628019856	2.39207392394	2.24965697913	0.856701819016
M5.9.5.17	0.835019736418	0.0	0.548747524193	1.12920892848	0.872143491501	0.64547031471	1.18494698464	0.737161531768	0.941617685132	0.6749232713	0.64101561328	1.08032167862	1.27971861634	0.827852052773	1.32894714343	1.06728114208	1.26910669088	0.703626659325	1.2054592606	0.575012057594	1.31149126479	0.350722158193	0.839468649424	0.630200993203	0.869548752996	0.838915598061	0.379332725836	1.07112719829	0.660908598313	0.694311977245	0.690078144	1.38345482709	1.25693755399	0.927270758331	0.658445128993	0.644214993831	0.606778061196	0.792960787123	1.4630417443	0.499099926967	0.988045793905	0.695077733019	0.572423856765	0.998480723459	1.23957545133	1.1549182918	1.15703577426	1.37283226739	0.812945912785	0.769422665067	0.549876071014	0.844537076175	0.583644808726	0.447835440823	0.677905417774	0.669347812891	0.743051593409	0.730957081849	0.560254691322	1.35505924223	1.02041223621	0.642215295571	0.991931790847	0.744917607432	0.777709963314	1.03322865793	0.750159456195	0.657605724892	0.686347229976	0.954071512769	0.771920079677	0.82253557475	0.842875032805	0.832105748111	0.320782139503	1.06904457535	1.01054208382	0.8458563022	0.828575209107	0.899094586285	0.692469283908	0.837884144037	1.05968829415	0.833132631286	1.23504597748	1.71769000918	0.851063792864	1.08835764577	1.20661562493	0.678391921848	0.672905558237	0.900954788196	1.45184492145	0.886781225576	0.586722070363	0.497493751215	0.9897468342	1.34326329534	1.04361932392	0.947861396398	0.642896497759	0.744365105772	0.542336411532	0.693682308301	0.340256310074	0.89342306249	0.967212293319	0.74543880164	0.979121424675	0.798526672075	0.587073841358	0.886510842092	1.63066143379	0.720266849833	0.638097689351	1.94804315136	0.928128140568	0.910652876652	1.15911807937	0.973807323494	0.819361717507	0.640605073278	0.781079815443	0.889080171213	0.804235716154	2.07749698718	0.544882351485	1.32510990201	1.02652755208	1.11033280596	0.730186254737	0.727655222353	0.577258490687	0.947684517635	0.641919024122	1.27662292015	1.07846586235	0.783564438832	0.845986343595	0.612520913375	0.831873039168	1.11422272416	0.823206177314	0.914181463215	1.39800249759	2.14680541671	1.42437661445	1.38336691347	2.18731532276	1.99953526628	0.896802321692
M20.11.27.17	0.694456228353	0.548747524193	0.0	1.53098818021	1.09172677479	0.804067158857	1.57448104558	1.21027497237	1.37490983909	0.672725672387	0.389557747362	1.47579465819	1.68268449151	0.559587317435	1.70075803778	0.726999381782	1.29851581384	0.503199941893	1.61042555624	0.591287402218	1.71204224393	0.745349546517	0.610048395412	0.68843482334	0.616822672507	1.06680680683	0.74668000421	0.863149216278	0.573329099492	0.437767707236	0.613888704253	1.63915447049	1.49408565894	0.650935770239	0.729877724842	1.04985894731	0.913121988773	0.843608478953	1.84745044178	0.923389864855	1.44080043825	0.710598776561	0.348517096308	0.983293059	1.60279058371	1.18900885598	1.56468243635	1.63191844444	0.822520847927	1.19776912323	0.671570213653	0.719510270304	0.523801920044	0.321625961607	0.686587386703	0.697578268264	1.12549433794	0.692699559895	0.612632688886	1.76966837103	1.46195156804	0.625602642165	1.23743938667	1.02701627345	1.15006549865	1.49452428741	0.590180232437	0.440790628391	0.598100430124	1.35595393749	0.624625394096	0.669841779836	0.671806244201	1.18119879919	0.736331528724	1.29590994935	1.43017496309	0.874572375564	0.70612445514	0.701878595591	0.704843351376	0.569129445956	1.13023991635	0.568613580976	1.41157560146	1.96109838979	0.693386586199	1.48383089627	1.46807230545	0.867321302124	0.614378080573	0.656341599464	1.84231800227	1.24575446244	0.792116156014	0.17493126954	1.0403830168	1.55064910844	1.41576213819	0.674681986295	0.876123699579	1.10454806414	0.719029725404	1.03368147771	0.786360600167	0.583581371003	0.695361005619	0.326358330407	1.26642259453	0.576018467501	0.747715197446	1.14857936017	1.78776540279	1.13102110977	0.55073609948	2.09770407166	0.95168376986	0.635355677487	1.48298779485	1.36362086293	0.491997125964	0.858619406147	0.922600676711	0.657539827403	1.08851018316	2.32192579759	0.68508970839	1.50584924675	1.24584455611	1.28795085206	0.559439328988	0.494767815923	0.394112818673	1.33154070841	0.222091823635	1.59974809777	0.649068129532	0.547765436338	0.605061402986	0.661277896309	0.567945354575	0.775606937869	1.17530899886	0.64605346873	1.60160820132	2.38474064192	1.03257666906	1.66213199425	2.3875854358	2.2306887422	0.413039313853
M2.8.22.17	1.37294372741	1.12920892848	1.53098818021	0.0	1.0576096325	1.01099044706	0.218616730865	0.596673134069	0.537438687333	1.39391236133	1.41049399709	0.292899991857	0.330689588881	1.46223909424	0.444992225385	1.71856696908	1.5448304072	1.42322756496	0.21258431391	1.32910066587	0.450938451789	0.91761253681	1.49551685787	1.27048630024	1.40003851927	0.726907921439	0.982207902843	1.43538684318	1.35569318256	1.49378320995	1.41372584628	1.2309070044	1.31362441238	1.49898751071	1.24877665927	0.719451540681	1.09157873511	1.35847478833	0.90481743662	0.734460107315	0.522902124942	1.31219540936	1.38709631325	1.36906593942	0.70419018804	1.59820467658	0.279893158231	0.933399574453	1.30803525349	0.657963838942	1.30661328514	1.30101063317	1.33489361309	1.43113402386	1.27995303109	1.33138355596	0.561426618715	1.28639133744	1.26532737485	0.382395506308	0.694203273667	1.39228074137	0.972993734119	0.797997737182	0.751762593189	0.654523150635	1.39050777649	1.35411039532	1.34280585448	0.292492849055	1.41427757092	1.36645752012	1.44686471707	0.552647659641	0.952169162558	1.37160004813	0.29125477497	1.30475984305	1.3656653696	1.45515651157	1.31218884547	1.52738925317	1.41338978485	1.42694804396	1.088658054	1.25720596315	1.35547606001	0.123777607513	1.27890227157	1.4167386567	1.3192425676	1.39941705576	0.556429057651	0.921063738258	1.21752747332	1.46726308626	1.38906184441	1.24503265142	0.285444165461	1.49139000772	1.04651425889	0.929863762223	1.24350084068	1.01204357211	0.958113712295	1.39632471431	1.59125889931	1.58349283027	1.31284839704	1.55363869475	1.29844591643	1.00742115241	1.47490179884	0.818653920429	1.39549353853	1.75224103833	1.2843827097	1.45430981634	0.733371692695	0.845073191367	1.56778639321	1.15729441328	1.24053460908	1.48969859435	1.13458132415	1.5234944307	1.28292264021	1.45262834344	1.31533890454	1.46163092274	1.42479203369	1.49103333121	1.37427537171	0.492393094817	1.52444986192	1.05169019458	1.83126616732	1.51956376986	1.541515737	1.24536542811	1.58378904313	1.7122852445	1.01227596101	1.66576959302	1.43284866034	1.69680399958	1.92449611857	1.13632172739	1.96632584118	1.74020163903	1.82467026443
M14.11.27.17	1.05915499336	0.872143491501	1.09172677479	1.0576096325	0.0	1.24042672665	1.09931271188	0.848681786515	1.01652405773	1.10500798603	0.995447482562	1.07387823081	1.20115049819	1.06767596	1.25392586188	1.31350125633	1.63927934274	1.0131002365	1.11989535856	1.05774929962	1.23185819373	0.961531828071	1.02282926552	0.967032110082	1.23154515146	1.17447123647	1.03488638909	1.16064885498	1.03384303133	1.03585812649	1.10524280354	1.02638710569	1.32978330427	1.10585688524	1.02026978578	0.814495149598	0.987183497637	1.192854362	1.50935470361	0.872111280567	0.993724261594	1.04410807458	0.910915563896	1.4683364072	1.10530585512	1.48415669456	1.09577023787	1.28029739318	1.19588278012	0.82021428378	1.0043862316	0.925878001288	1.07058132373	0.916661773357	1.00976462529	1.03967343519	0.810569888639	0.832783310808	0.942137575345	1.28654306141	1.04233105059	1.10244268059	0.782513092222	1.07518332364	1.13782233873	1.07442668704	0.95322806398	1.19240197966	0.945474102761	0.92842449425	0.983747286444	1.00387983244	1.05967315349	1.12123990531	0.787134081273	1.33268091682	0.971639485131	0.818688589587	0.904170942922	1.03666795867	1.09267173647	1.08369125243	1.44376203191	1.07526962873	0.786186780412	1.75095704654	0.955569291612	1.02109786096	1.09758166865	1.18184735949	0.897438996058	1.22797515663	1.39981562456	0.859183270709	0.43552977763	0.995783874988	1.3592748721	0.991311090132	1.01835662752	1.34893124832	0.774810221533	1.08587692845	0.649388410506	0.959944380429	0.846716413868	1.10778396325	1.15787684128	1.15178883656	1.28905216091	1.09466824624	1.00617224943	0.647616954601	1.45633601636	0.762974213444	1.1374589741	1.75531027776	1.09277062189	1.33156111636	1.08438857425	0.848170691961	1.25353939016	0.888463662898	0.782887334326	1.06687194963	0.903791970661	2.02591380219	1.00328885835	1.34230992661	1.27327547807	1.47843242946	1.04001342245	1.09890253793	0.900540677245	0.898618004402	1.10951616678	1.05317676828	1.42207476321	1.05528280334	1.09503702573	0.606475971522	1.14479144494	1.31046120838	0.925064068071	1.20611778844	1.46852611092	2.07103330994	1.83157457451	1.15557185315	2.06137151857	1.92896598276	1.39357083698
M2.7.25.17	1.01411664069	0.64547031471	0.804067158857	1.01099044706	1.24042672665	0.0	1.12626693437	0.833333890119	0.835507823526	0.946113394557	0.667680828891	0.969746071096	1.20234880899	0.870634898567	1.28693301251	1.05484676194	1.11961874348	1.03617458401	1.12833165719	0.752465114037	1.25150268842	0.67907495393	0.903162605434	0.952070385967	0.678933720243	0.600001588442	0.66743762123	1.0493187368	0.967402095675	0.9018350252	0.971382900917	1.64180999398	1.3178735777	0.894163969228	1.02558041476	0.765766951213	0.64017790062	0.840008828798	1.32102706791	0.780092798863	0.984889502097	0.99760453314	0.671200023491	0.771491667923	1.2030306297	1.06987243876	1.01271585963	1.36328531281	0.704410754824	0.840460554071	0.953384291359	0.994147744666	0.832627789244	0.744858477143	1.03301636345	0.987526452959	1.02560402519	0.986017980155	0.952309349505	1.25357405929	1.06307071781	0.852133594489	1.05088808136	0.625908293837	0.707473458322	0.997738811685	1.03330281626	0.638811006779	0.989030906257	0.865706783596	1.00965011047	1.03707574859	1.08074681051	0.68880529698	0.805732268823	1.16470628042	0.913775145813	1.13352643194	1.03897866799	1.05170811585	1.01406574002	0.966646280891	0.974873984616	0.742501448498	1.35410071671	1.65918530643	1.02598667114	0.987100364031	1.20296151193	1.02491612384	1.03496464401	0.745221996678	1.36693064861	0.948751198176	1.10727971062	0.751375854484	0.873227728738	1.36502423379	0.949871470818	0.79774002527	1.17366429365	0.823309857745	1.0969341584	0.749117524811	0.693199160023	0.769356796069	0.955434178334	0.814129777768	1.33732782536	0.926011311376	1.04997374134	1.16725185839	1.66655450091	0.924413821476	0.836439809736	2.00195901861	0.908035030859	0.742092381144	1.17361416052	1.13648053464	0.976590138196	1.13595275902	1.24530322359	0.870111433066	1.19053386494	2.01334263847	0.994181174386	1.36289304743	1.08503844972	1.10072572099	0.995723288503	0.898839225038	0.67482083956	0.922234843121	0.804070108651	1.24168326823	1.08052356025	0.910804299051	0.937454193643	0.821477919148	0.942020038445	1.07275220863	0.835590968578	1.02065513241	1.42436371086	2.07870555617	1.18268176688	1.43827983907	2.21880301695	1.99439363277	1.0770341696
M3.8.22.17	1.48157181071	1.18494698464	1.57448104558	0.218616730865	1.09931271188	1.12626693437	0.0	0.645968979762	0.565141355606	1.46981575837	1.45732223951	0.351075057904	0.233658856847	1.54413440541	0.308550878864	1.79730399357	1.59057099451	1.46549628497	0.189649681135	1.41285621534	0.34067937357	0.978885313073	1.57432038965	1.36689439202	1.41809284816	0.799759114341	1.08843878899	1.44062016361	1.44671160084	1.56143929545	1.50417014024	1.19021206557	1.34014635879	1.57691090005	1.34860698645	0.808117935532	1.11407565399	1.40600686723	0.823714645376	0.791048107382	0.499852139699	1.3995631819	1.41694943041	1.41376096896	0.621457495719	1.65523700581	0.319435723758	0.826047603441	1.36698404562	0.774408842452	1.37275626223	1.31799365025	1.37260991344	1.45207738734	1.37295002363	1.42205957816	0.569681986287	1.31503519217	1.34098184717	0.33393683462	0.639184045344	1.47354213111	1.02522917028	0.874940797864	0.785187286782	0.63365413346	1.41414909225	1.43150193365	1.37623820552	0.363935851552	1.43195778212	1.41067819837	1.47209800854	0.637522171179	0.988788476031	1.38190973972	0.324567979689	1.29994206301	1.37072075272	1.48882948678	1.38863746874	1.61929528995	1.44891739775	1.52181949913	1.13548288094	1.22019526185	1.41438418732	0.247547432433	1.36455364671	1.46430302144	1.36055257066	1.40387474948	0.432734637336	0.971412078425	1.25554827159	1.49967455971	1.44315677438	1.33117694762	0.284047043236	1.51794154457	1.09156144326	1.02605146019	1.27798890455	1.05117138638	1.03307062807	1.39999693029	1.66129004464	1.63218423371	1.36779891211	1.62666351769	1.35233455571	0.985296609017	1.48087942968	0.802224667458	1.44371633516	1.72586692647	1.34060996884	1.48228368838	0.662420645814	0.76809798936	1.60983192125	1.24977182211	1.25396820166	1.57139026809	1.14964939009	1.47080174363	1.34305105409	1.50963108302	1.33744859831	1.52074726282	1.47422459074	1.5849357336	1.39761785898	0.500452265148	1.56015865701	1.07366346776	1.90074791125	1.59285607187	1.6229155631	1.30249674374	1.66767787483	1.77738637729	1.01844276459	1.73983060301	1.48742286957	1.65145140174	2.01162137367	1.10032705476	1.93273908445	1.71864117193	1.8961959797
M1.8.8.17	1.29659761634	0.737161531768	1.21027497237	0.596673134069	0.848681786515	0.833333890119	0.645968979762	0.0	0.322800751849	1.28015265243	1.06776841398	0.576209721152	0.718250219924	1.33022060952	0.781614488122	1.5048459596	1.61235898517	1.23842627664	0.643540657808	1.13907625361	0.756711538215	0.532081547843	1.33973089285	1.14382304444	1.28657727596	0.967867158546	0.628000365648	1.39301869974	1.23994197294	1.30461255638	1.25586377547	1.2523426118	1.35619090083	1.3560628636	1.16601104535	0.57327889861	0.907292713851	1.17428040645	0.859852420061	0.340763439498	0.392592594808	1.20302718688	1.03448071958	1.3770263182	0.820893196777	1.58185863922	0.597231019703	0.932551184676	1.24987968848	0.539892600631	1.14104100853	1.16771112034	1.18901038191	1.05885559097	1.20713412335	1.19283865008	0.540559346912	1.14582987737	1.12095470788	0.775013695074	0.352233946888	1.25254392425	0.892113070214	0.988778677154	0.604403075341	0.410151979979	1.21508011493	1.0980524569	1.15647461753	0.684541778599	1.21599969927	1.23281112281	1.27453677359	0.858988585936	0.565212036112	1.34228819079	0.494495296192	1.02471502641	1.19732331762	1.27181764004	1.21704367139	1.40089624198	1.44387648458	1.23178144537	1.1765746083	1.33841345296	1.22761185626	0.617699746022	1.22849194493	1.23441773656	1.18444330697	1.28799323982	0.871276861502	0.837840404245	1.03787811653	1.15104545074	1.40785377786	1.19210071894	0.633407854589	1.3662137108	0.981312591233	0.604712717371	1.08615360992	0.809690823952	0.572322653854	1.2879817876	1.40350799034	1.25819683061	1.06049710159	1.36329007152	1.103092841	0.775192061593	1.55328792817	0.382678159258	1.23110821975	1.84442344335	1.26704862189	1.35152512343	0.694652639669	0.637551093042	1.41848879701	1.09927724121	1.12050395631	1.3177680283	0.92278859211	1.66954201448	1.11862997505	1.44491256435	1.26443890665	1.50088526141	1.22656406327	1.29837289294	1.01980325489	0.753208780727	1.24591087675	1.06429418141	1.5826129226	1.35136917405	1.38233046016	1.03924594353	1.36209162444	1.53164888737	0.776316187941	1.46834545178	1.46275086233	1.83109670574	1.89995463763	1.18132687264	2.08303414835	1.82890201477	1.55283480907
M1.7.25.17	1.43865320747	0.941617685132	1.37490983909	0.537438687333	1.01652405773	0.835507823526	0.565141355606	0.322800751849	0.0	1.34231442361	1.22764111523	0.497939771028	0.644733735112	1.48570989665	0.699631759636	1.66439804707	1.40327160432	1.37472520616	0.57527488164	1.25134034237	0.669533396229	0.714934565029	1.50891249436	1.2696499933	1.18441572886	0.923805653285	0.841105485495	1.40066520586	1.35053943811	1.45707017011	1.35816948056	1.32830276203	1.16424471195	1.5137367415	1.29975908978	0.735147013637	0.825916683328	1.1359144652	0.655355430245	0.542607445744	0.437299465181	1.31872724662	1.20969592146	1.24766426738	0.805309571909	1.44190337375	0.526876331599	0.83155835065	1.14669381331	0.693113531798	1.20868680173	1.31050091368	1.25687521425	1.21829948478	1.33348405922	1.30817358347	0.685445014376	1.28699288058	1.25071414656	0.706035030774	0.443574981264	1.37400850601	0.912079981942	0.977675485143	0.577829160409	0.435352842538	1.36278035222	1.2509944722	1.28598511214	0.649673665042	1.33157181839	1.37627007908	1.39028367756	0.836566047692	0.775595390427	1.14789565528	0.476109176105	1.15298309573	1.33431368245	1.39333846431	1.33134244364	1.56196515575	1.23333201623	1.41168671827	1.14941294329	1.12210150023	1.36841289117	0.578339792476	1.16683390037	1.19392328895	1.32707186283	1.23496743804	0.777541191837	0.838044175249	1.19056918404	1.29693818305	1.26792992141	1.14615649729	0.592319483438	1.22530865119	1.11815111498	0.661003487142	1.23511433411	0.873409990771	0.772556491161	1.29565650742	1.58553878851	1.39545083851	1.20449242643	1.52140241199	1.25555850329	0.889385157558	1.37227034274	0.581256981925	1.35251531716	1.68204360397	1.27637975233	1.21248371797	0.63050467974	0.788220168619	1.48140426031	1.2381425533	1.25498483159	1.49821323317	0.88591598591	1.45341848653	1.26378760267	1.30823989732	1.07657567387	1.32193936707	1.35614592794	1.43310371438	1.13534980958	0.70057281222	1.39030018289	1.03767845606	1.72534462441	1.52961298054	1.55451088689	1.22247644654	1.51282541588	1.69418780913	0.748599574076	1.62758566025	1.26552900541	1.65989950993	1.88063809453	1.17117308708	1.91234612843	1.65575413021	1.7154178561
M23.11.8.17	0.744306505967	0.6749232713	0.672725672387	1.39391236133	1.10500798603	0.946113394557	1.46981575837	1.28015265243	1.34231442361	0.0	0.854030277585	1.4117838781	1.60977059777	0.705480639908	1.62403657588	0.983495622279	1.11309109411	0.639106577592	1.53444300694	0.38995597022	1.62836071014	0.865027616077	0.750620252782	0.409259155468	1.05283924865	0.894116525206	0.763278490641	1.04321896465	0.470366682228	0.568077029995	0.447883022701	1.50667886451	1.25153990777	0.882108902156	0.473821482872	0.980401212156	0.966111618413	0.620289205731	1.80532764877	1.03311775402	1.51065433927	0.430888473196	0.781883795155	1.00996347397	1.59255535445	1.09062198242	1.48986786335	1.6173652422	0.620574443429	1.14965202864	0.348881215015	0.854891736921	0.33973213964	0.656586984931	0.464619544326	0.404583328283	1.00427567347	0.755000039132	0.462372208111	1.69578497092	1.48525352932	0.321755180576	1.31109995017	0.99147312117	1.29325251782	1.54046730608	0.729788024083	0.898292219717	0.696227748605	1.2291175635	0.756329413604	0.80250652834	0.785806977725	1.00228731726	0.853107231828	1.19182534153	1.39142394666	1.1281805988	0.811042451065	0.85575427298	0.458755944638	0.736801553163	0.895807696854	0.809913808881	1.44163994791	1.80586051641	0.834501248329	1.34640485389	1.50254567027	0.512679357933	0.669098791485	1.10840642555	1.77443101589	1.33069093324	0.798881625386	0.631350502397	0.921223213414	1.62441126529	1.26816949653	1.09248073988	0.708996316314	1.00199321075	0.623579529177	1.21598903084	0.90420467611	1.1057082978	0.893720156217	0.870312459647	1.09059052244	0.70014304516	0.539083849565	1.0470771077	1.47931267347	1.23092316628	0.426341829755	1.94200378693	1.22279878012	1.07103840364	1.53967402272	1.336876186	0.461360290262	0.588514792318	0.903692878613	0.830305950454	0.841331998205	2.08138106408	0.412158697282	1.35513968974	0.985374228036	1.09569633416	0.711096583264	0.640809477888	0.810435691855	1.22468850074	0.765552538989	1.62976458371	1.06236636418	0.692796602882	0.771474833376	0.719116581864	0.759436267545	1.01194682425	1.25511970509	0.775456764554	1.36368374932	2.21467887663	1.4072777261	1.72237272933	2.22697554214	2.07922366411	0.856548341905
M19.11.28.17	0.770130565672	0.64101561328	0.389557747362	1.41049399709	0.995447482562	0.667680828891	1.45732223951	1.06776841398	1.22764111523	0.854030277585	0.0	1.35752517399	1.52313028765	0.648194137752	1.59447161269	0.760350869125	1.30033932277	0.690826409144	1.46937458609	0.692390180947	1.58079633739	0.781274304207	0.660421622795	0.867466615246	0.432417299248	0.990693608	0.884583574199	0.727005634625	0.765577227808	0.659563362063	0.83164979537	1.42646727717	1.45168652625	0.645852914773	0.8982133561	1.01089723585	0.775191328252	0.834726140578	1.63710386045	0.924544367458	1.19553699412	0.892562052175	0.190043945038	0.946810893087	1.42185857648	1.13990957063	1.45070713237	1.46742647656	0.762660079957	1.12988457104	0.84978676827	0.563000692335	0.734002057463	0.334899950849	0.870734349202	0.889292328016	1.18934751402	0.585634355868	0.767234715161	1.61683618916	1.25934407041	0.752738460461	0.938619373827	0.941521114507	1.02349324157	1.26330288147	0.658110774981	0.48537163885	0.637260024235	1.23956767081	0.572272201024	0.702203906904	0.644126123434	1.10122237046	0.82980638997	1.22724126305	1.26620304705	0.691422599787	0.573804003331	0.671725690329	0.887100032018	0.706663884846	1.12745315066	0.490318062041	1.1846712023	1.93831269601	0.651014636478	1.37764380932	1.18783663442	1.00998558197	0.675235146046	0.502818081802	1.6671868186	1.00981792683	0.814086290704	0.287000312994	0.977684230844	1.31714906101	1.30936089388	0.638330735856	0.995497314842	1.06255218774	0.825235198959	0.835372037889	0.852085164813	0.417501221	0.704530282871	0.411446451766	1.44989919386	0.697677713466	0.944354317634	0.961258334738	1.73085440955	0.976061470907	0.773738829631	2.04110860992	0.693899708531	0.548747976614	1.25316827784	1.16694777674	0.7838379558	1.01632879786	0.838499888873	0.638881108456	1.10303770381	2.2892103838	0.88370203066	1.45585762638	1.19562381381	1.25712663187	0.637642169409	0.654653006136	0.268924780667	1.17904555244	0.36910312737	1.34454098739	0.716363363588	0.679554545978	0.696724459776	0.567250339025	0.673228933903	0.804011847249	0.987357565196	0.769882287889	1.59446150022	2.35473656407	1.06076223641	1.45999249262	2.3414594948	2.20090565744	0.707728988683
M9.7.25.17	1.43944884284	1.08032167862	1.47579465819	0.292899991857	1.07387823081	0.969746071096	0.351075057904	0.576209721152	0.497939771028	1.4117838781	1.35752517399	0.0	0.458456235215	1.48123028647	0.478370000366	1.67141256055	1.51680518611	1.43535855392	0.312581585896	1.29617539829	0.486770113572	0.851040774391	1.49536396555	1.28895124676	1.35270395913	0.748117623433	0.927073347973	1.45475599055	1.36656591553	1.45868850692	1.42169760584	1.38426226727	1.27552191968	1.48884592344	1.30145251188	0.74215667377	1.07385805645	1.31759734692	0.855224329476	0.667696869315	0.553169562221	1.33350304639	1.33405754493	1.32720554064	0.717000551843	1.56129870092	0.33421263318	0.941576715866	1.27999271899	0.676719655974	1.28102866349	1.3556133791	1.31695441255	1.38757663073	1.32866736174	1.35018951892	0.621676538687	1.34361812308	1.2722727256	0.472406445759	0.625839314757	1.38266997957	0.986507958162	0.898155253403	0.695690530071	0.674565711714	1.42106563111	1.31099558479	1.37236351622	0.438941094903	1.41857587785	1.40868442297	1.450330338	0.611016552274	0.915467094883	1.36842068207	0.26585774885	1.29354999886	1.39691144314	1.46076497278	1.33043122126	1.55103383739	1.40125682225	1.41469238397	1.13967905118	1.18342579388	1.42923433449	0.3113991919	1.26704878094	1.39389457734	1.37822275088	1.3620482753	0.570900644015	0.931526646407	1.25432202288	1.42772077648	1.34491501876	1.28958306846	0.366281697376	1.4209558122	1.13832992876	0.860661470755	1.29151556911	1.01572832149	0.934584421486	1.38100866905	1.57082380786	1.53375810372	1.33243701739	1.51067967624	1.24993885946	1.01715654499	1.52255517409	0.816315661893	1.34438188093	1.82549349756	1.27761475211	1.41183991736	0.698249905573	0.877704885929	1.54528991079	1.22818648206	1.30355992922	1.4801817129	1.13713367794	1.55017960685	1.23496558062	1.41063860932	1.31577186938	1.42646002783	1.43217664728	1.48388550563	1.34547804515	0.583319595769	1.49262910917	1.11784551944	1.79531841117	1.50613832479	1.53948565261	1.26690298664	1.55570350437	1.68533770891	0.976266494649	1.61710453573	1.41885497291	1.77217670524	1.8825266925	1.24023718969	2.04004425797	1.79899252178	1.7767375252
M8.8.8.17	1.61653541527	1.27971861634	1.68268449151	0.330689588881	1.20115049819	1.20234880899	0.233658856847	0.718250219924	0.644733735112	1.60977059777	1.52313028765	0.458456235215	0.0	1.68677352896	0.355140779381	1.92897337461	1.68998350486	1.59650307224	0.21241197961	1.54546583931	0.287994860704	1.06226277343	1.71893534049	1.48225281443	1.52155921049	0.96305956683	1.16455106364	1.57014413575	1.56918008983	1.70937285973	1.62789495792	1.08741360113	1.46243950905	1.72446172124	1.46418927722	0.942318433209	1.21637705217	1.52096932719	0.747722137823	0.89859628788	0.570964984514	1.5148053163	1.52045935053	1.54497412476	0.602172415029	1.77246144389	0.453335193005	0.841821660531	1.50607877748	0.859992607059	1.50606290121	1.44617107567	1.50488895128	1.55629890471	1.48747656488	1.53652348292	0.727092568557	1.42904834614	1.46455546378	0.223884499796	0.593337894113	1.6175966558	1.09109275816	1.01810365437	0.877999849385	0.583659025759	1.54713463744	1.54996211327	1.50657099512	0.510464991097	1.55256675372	1.5410941561	1.59407446452	0.785649985076	1.06995449024	1.47558894205	0.382129393195	1.40920935376	1.49855591734	1.61813437431	1.50991838449	1.75891915175	1.56969687403	1.62196840106	1.21277284084	1.1902697851	1.53965950603	0.352492150851	1.41892710167	1.58861741218	1.49054482628	1.51414696806	0.319628476055	1.04870035502	1.36721342333	1.60271993938	1.57251350822	1.37836802788	0.480621572071	1.62067126598	1.20688027308	1.10339340737	1.40312426343	1.13998794868	1.11161736886	1.50686833736	1.8044120131	1.74313812594	1.32600995411	1.7684813849	1.48668768805	1.11059208344	1.58907293078	0.899880093228	1.58776159687	1.67541741663	1.41787916658	1.59479951567	0.646786255687	0.810513114385	1.74150509863	1.36544422803	1.38282378951	1.71779602924	1.26584790838	1.42025975817	1.48186933042	1.62256400746	1.45539535912	1.63697912465	1.59620077124	1.72099413921	1.50040645408	0.636450645089	1.67515497355	1.10908062293	2.02455647822	1.73983008919	1.76880407447	1.41242889602	1.80048139681	1.92242554208	1.11004849698	1.88189749127	1.59166630152	1.59590659285	2.12725328231	1.03719357719	1.87601740312	1.66241270964	2.01994054206
M19.12.11.17	0.562890809195	0.827852052773	0.559587317435	1.46223909424	1.06767596	0.870634898567	1.54413440541	1.33022060952	1.48570989665	0.705480639908	0.648194137752	1.48123028647	1.68677352896	0.0	1.7270863631	0.552084332035	1.31631783988	0.644687941677	1.5951161226	0.566004889234	1.72856905487	1.01420694692	0.207759795815	0.774944033708	0.779362346253	0.949963740622	0.990615169316	0.808743604571	0.666595763941	0.367808208748	0.66920754546	1.68493806055	1.50395476127	0.292952168771	0.820930731551	0.95048770153	0.969713166248	0.865902163156	1.96463375016	1.10494652013	1.5516778053	0.790938764437	0.52678931858	1.04587284953	1.67869323688	1.19046291894	1.49653772031	1.74986732487	0.778477320192	1.13804370182	0.770161700618	0.706911706399	0.693032298478	0.642089750019	0.795357276806	0.806865642852	1.13301284143	0.727514626207	0.752483100134	1.78547381294	1.58218456859	0.552786563169	1.31513057871	0.939982688654	1.25674077819	1.61388645315	0.606780083225	0.579438561422	0.67407828199	1.29195389992	0.702983781329	0.583065439917	0.721476236364	1.0278427492	1.06821757996	1.39639716277	1.45618353718	1.11357038329	0.718606622438	0.639423385325	0.798826851963	0.2294581278	1.12928717309	0.27697222771	1.40865467383	2.01497432491	0.610511182874	1.42108910072	1.44647979616	0.92254598682	0.719268940632	0.898726413284	1.90134100153	1.30351579819	0.787642391057	0.564765853831	1.06683540229	1.54831836488	1.33374589754	0.913969532563	1.04435329751	1.12459688542	0.735298744171	1.11185780969	1.0031965941	0.835101878449	0.317781720173	0.524133662841	1.43816787212	0.271012850818	0.893253641464	1.22548865014	1.7482324873	1.31244376468	0.694387422543	2.12450745232	1.06864416509	0.769007500869	1.5899794671	1.43104663542	0.597663125571	0.97738349455	0.972353866796	0.26893720542	1.18827489848	2.3129614965	0.773483495073	1.49274349565	1.27059589009	1.26701310922	0.608524262283	0.337205514581	0.632442556183	1.32535986114	0.466215010908	1.61353268811	0.727896059966	0.21669197329	0.232898586011	0.518146627255	0.378170263589	0.4434672892	1.32291725441	0.353238711203	1.62231476594	2.39489590685	1.08688873471	1.68229002388	2.39935276618	2.2868277653	0.665418939292
M4.8.22.17	1.68418084424	1.32894714343	1.70075803778	0.444992225385	1.25392586188	1.28693301251	0.308550878864	0.781614488122	0.699631759636	1.62403657588	1.59447161269	0.478370000366	0.355140779381	1.7270863631	0.0	1.955899942	1.73997888432	1.61767574852	0.364638811783	1.55973694918	0.2627434864	1.11861318598	1.76342410796	1.51845019988	1.55434716438	0.962124435911	1.23696417564	1.60213559849	1.60455634699	1.71495439543	1.66676117311	1.21908276358	1.48425917385	1.7599469777	1.53288087749	0.989997265398	1.24502358071	1.5513556056	0.601550796255	0.93634549751	0.620531130491	1.55961004059	1.57089579437	1.55866495002	0.63644610705	1.79875762106	0.467766476994	0.84788881311	1.5195588462	0.973411318586	1.52585064706	1.4976517226	1.51206693353	1.57617511115	1.55815579043	1.58586598939	0.758051790992	1.49987485076	1.49459079281	0.337806800058	0.600166611408	1.63340000185	1.1729315699	1.06260276723	0.903439768456	0.673077373139	1.58497199504	1.55833642314	1.55203823196	0.588204209223	1.59755396833	1.60105707749	1.62934358508	0.829389102594	1.11636039066	1.51893461601	0.518546465486	1.43295163762	1.52492787665	1.65133630837	1.55091138154	1.80458574858	1.6103042638	1.72237365863	1.29168976409	1.20496371801	1.59637687165	0.48071854748	1.52262664889	1.60801526267	1.53096377166	1.51776162871	0.26687010175	1.12418112718	1.41204855266	1.62457860161	1.58437353689	1.48184083635	0.49693751189	1.63876882699	1.25148985783	1.17303463649	1.45501415544	1.19391651585	1.18389954807	1.53253698333	1.84771904235	1.76599438333	1.42314329812	1.78448921919	1.4779729438	1.11268291024	1.63262776796	0.913782464038	1.59022096834	1.76668354255	1.4897007963	1.63551583485	0.597260232478	0.825808703385	1.74142734898	1.41754844888	1.41439391677	1.75444618081	1.30467275663	1.48179386179	1.47271683817	1.65212528806	1.49176663526	1.66217348727	1.64181543662	1.74029462893	1.52430289288	0.635634227508	1.70269026439	1.21449795076	2.0311809883	1.77279635231	1.80823585004	1.46086274248	1.81384948127	1.95088403757	1.14519507747	1.89525856652	1.63978290304	1.68816979289	2.15165143245	1.13132426399	1.96970956929	1.77559667215	2.02765587696
M11.11.27.17	0.812100230051	1.06728114208	0.726999381782	1.71856696908	1.31350125633	1.05484676194	1.79730399357	1.5048459596	1.66439804707	0.983495622279	0.760350869125	1.67141256055	1.92897337461	0.552084332035	1.955899942	0.0	1.42458223345	0.856140165707	1.82769719887	0.829695558024	1.97242475591	1.20830859638	0.479199410022	1.0171620199	0.907129227408	1.16708714952	1.23170359826	0.821726063469	0.892679341053	0.643691780363	0.908599893922	1.86059830633	1.67816605274	0.385811973191	1.07688009111	1.23469190047	1.1875336388	1.00627598389	2.15128759384	1.33726388763	1.7615759045	1.06049894307	0.694324566061	1.21657546274	1.88015944595	1.3770364185	1.77048410077	1.8903366671	0.97790680467	1.42627010516	1.02480338521	0.8934417532	0.930822612926	0.873786826667	1.04149998895	1.04740670297	1.43429698749	0.957243642079	0.981395848693	2.0245248555	1.75796491187	0.892396963122	1.54643755335	1.20755778734	1.45991942019	1.80740055079	0.834045176848	0.625290958609	0.921352332246	1.56048730234	0.908553398567	0.812368533884	0.87766133295	1.29639119363	1.31774464884	1.55537863311	1.66973679276	1.27502703582	0.897990437476	0.75136809295	1.0461028534	0.480032711341	1.30233100018	0.564005378835	1.66530834727	2.1311019761	0.817805396322	1.68215165669	1.7107395368	1.1669103032	0.955605203392	1.0146832414	2.10034256553	1.55396937092	1.11539311605	0.786248881927	1.23697855581	1.78564127637	1.60007918027	1.0411179697	1.32396889421	1.32822719908	1.07736008219	1.37819907685	1.29944239558	0.981421025984	0.358001984111	0.512509241525	1.69052897465	0.45122687688	1.15391809597	1.39589030449	1.92579525349	1.49500082111	0.913037295691	2.26823730868	1.28781009286	0.833068539941	1.77670119272	1.62000597216	0.76173683778	1.21559033402	1.19606949019	0.449525612716	1.42719890696	2.48782265748	1.08038202777	1.66904782793	1.43539890959	1.44450200128	0.80976692795	0.49254944665	0.814011314465	1.54308818215	0.623389588252	1.8814645949	0.371346297202	0.515792278691	0.494614938491	0.810468241376	0.34387167537	0.237338117289	1.51918888895	0.385319980154	1.78883595236	2.55288142269	0.72658145218	1.94724734682	2.5432888147	2.42371645661	0.494806607427
M24.11.8.17	1.42579765403	1.26910669088	1.29851581384	1.5448304072	1.63927934274	1.11961874348	1.59057099451	1.61235898517	1.40327160432	1.11309109411	1.30033932277	1.51680518611	1.68998350486	1.31631783988	1.73997888432	1.42458223345	0.0	1.40134957109	1.63874776199	1.0459549457	1.7813142821	1.3387317108	1.36773225861	1.28475864218	1.18267949262	1.11658306809	1.3967565752	1.45412529919	1.26339234522	1.36850788203	1.22208552721	1.94392567758	0.866731426781	1.39094526224	1.31715521793	1.42986443441	1.0985445431	0.681429386653	1.80842741368	1.50516320042	1.67908981521	1.30818489121	1.26767814545	0.758794363958	1.67482110966	0.87518958998	1.60281803765	1.49725734972	0.879917064711	1.55943478912	1.11969455991	1.41186064465	0.996447977118	1.20771413777	1.31031058125	1.26252590796	1.55638873312	1.38659441534	1.2913097589	1.78723630923	1.75607851111	1.17089051013	1.60498742625	1.16591830799	1.30866352273	1.65145408719	1.41298040143	1.26986093516	1.40345124075	1.41988188914	1.41320762071	1.42399808417	1.41774289673	1.21130625457	1.43136843716	0.651879716711	1.5207895471	1.50219329296	1.416887205	1.44903819689	1.28796852586	1.36702778502	0.388379212253	1.33721723382	1.65719234911	0.925204788648	1.42431789612	1.51281773082	1.61238637465	0.783945128669	1.4125906845	1.23155119207	1.85041655252	1.48920361366	1.46835967703	1.27062555567	0.785858426738	1.70821573636	1.44133835567	0.898239797709	1.48590429302	1.25242452777	1.44437740637	1.40231751221	1.45403756874	1.28677462405	1.42272675581	1.27238917523	1.6777488136	1.36725548644	1.26959879766	1.45521905741	1.27687005443	1.58377993849	1.06818684073	1.56278041494	1.28490565094	1.12833986683	1.71260641749	1.68969571856	1.06144497591	1.39321241809	1.53200377645	1.39409202251	1.17763288214	1.41420209573	1.22370296399	1.26482813336	0.668989477071	0.679318329636	1.36726159631	1.2714113724	1.16252494015	1.37375990239	1.31274608417	1.71611935598	1.47502368053	1.37360264409	1.39841871114	1.3013139395	1.31715962686	1.43774276178	1.37206499547	1.39267003199	0.673645485408	1.67142286621	1.51351532411	1.77911091536	1.95592735362	1.28561022804	1.44877519901
