	CS.079	CS.145	CS.146	CS.165	CS.166	CS.177	CS.178	CS.181	CS.222	CS.248	CS.249	CS.255	CS.256	CS.262	CS.268	CS.275	CS.290	CS.308.0	CS.311	CS.312	CS.325	CS.326	CS.335	CS.358	CS.360	CS.369	CS.370	CS.391	CS.393	L.002.M1	L.002.M6.0	L.003.M1	L.003.M6	L.022.M1	L.022.M6	L.024.M1	L.024.M6	L.031.M1	L.031.M6	L.034.M6	T.CS.008	T.CS.018	T.CS.030	T.CS.042	T.CS.051	T.CS.061	T.CS.065	T.CS.069	T.CS.070	T.CS.071	T.CS.073	T.CS.081	T.CS.084	T.CS.087	T.CS.089
CS.079	0.0	0.70134097	0.498104540282	0.616741224234	0.516744843893	0.427399425546	0.649422893486	0.422478501424	0.528698193449	0.672579090858	0.533957624049	0.428631983618	0.398976699308	0.419468997226	0.709507318358	0.552605738844	0.449953837004	0.386910443182	0.614265245822	0.5009661812	0.63821406346	0.455660072794	0.477053449267	0.383716059368	0.590166539348	0.501260766384	0.503344632114	0.563328219993	0.621028394917	0.805310160662	0.421371458968	0.850266913177	0.70978372217	0.732645750838	0.729269042767	0.798711033195	0.79162987157	0.651868365334	0.800054775919	0.596805204697	0.672864640985	0.604469935846	0.622659455862	0.719274740729	0.720174964209	0.656966368789	0.66870856499	0.574741344423	0.626609897852	0.665752373238	0.722647074705	0.75791319393	0.745259230833	0.679645060401	0.561275795579
CS.145	0.70134097	0.0	0.55798052498	0.59142331093	0.630087949096	0.639465536474	0.666418428258	0.664517017846	0.752799939188	0.698081707622	0.683580378332	0.619226514899	0.677177278569	0.628481684455	0.803679993739	0.680344605757	0.704977102209	0.761831532256	0.370500972733	0.617095148706	0.776545884692	0.67253551211	0.81671488083	0.737222530006	0.650815330379	0.767836259182	0.623219221166	0.66916415304	0.477688222748	0.785895538799	0.70360649933	0.427935407976	0.628047650189	0.630875442817	0.680301753942	0.57601625611	0.622636873515	0.709366793383	0.798817434474	0.674868168289	0.287789739696	0.454839813409	0.57077538036	0.375718888036	0.531227999543	0.458300279422	0.444972078954	0.516390558477	0.485403688443	0.400020731761	0.337392860217	0.35653087513	0.33577142107	0.444959420335	0.562664856938
CS.146	0.498104540282	0.55798052498	0.0	0.493578706339	0.420965800355	0.413476504935	0.552430152289	0.422897295812	0.571750878565	0.600940182994	0.543040157372	0.417209234655	0.489043451507	0.403055849164	0.734760715336	0.487130026825	0.551867356644	0.626035011808	0.539744526794	0.413511818988	0.659552205239	0.487701310373	0.688717391948	0.555259080726	0.453291281649	0.645539270548	0.43630411461	0.492275814342	0.561747696544	0.694705490753	0.488346538659	0.768832222832	0.58449928526	0.623672437318	0.670360269936	0.708614693799	0.745978122403	0.567920437811	0.735300315863	0.50939987569	0.60162010493	0.533203988358	0.466750333578	0.606424638085	0.622409224966	0.549678255202	0.560205138537	0.457632008884	0.507321704732	0.535143687499	0.601563648516	0.677968494236	0.583959701534	0.59653707499	0.371216204825
CS.165	0.616741224234	0.59142331093	0.493578706339	0.0	0.519749668456	0.498650261953	0.641464977084	0.556203037266	0.640930430455	0.749676564099	0.637657410104	0.57027279018	0.563661815119	0.525157023905	0.787284953113	0.618336896656	0.6727021308	0.695288389209	0.599552558651	0.53982513974	0.719692364457	0.610909062159	0.678054065393	0.575355808105	0.525612429733	0.681245221538	0.630558450547	0.495223239725	0.610234660768	0.80806668271	0.659984441129	0.726422346257	0.552447110389	0.692894836432	0.715675417184	0.650778351697	0.69189014458	0.669608446148	0.821243359208	0.582453873291	0.575961190941	0.485237040027	0.517455031842	0.57321024053	0.54477877074	0.579438776896	0.539940609628	0.439630991566	0.51254108269	0.548259727059	0.537234914812	0.642233653459	0.560433357963	0.540699692073	0.505192487754
CS.166	0.516744843893	0.630087949096	0.420965800355	0.519749668456	0.0	0.378509058241	0.42744655551	0.427376240614	0.488520942116	0.563502409082	0.520158741722	0.429020376081	0.53026742367	0.429249976468	0.704928853677	0.532250955546	0.550304803559	0.594748749845	0.630609372775	0.356377616365	0.571796540312	0.497596952566	0.676706445866	0.53103358994	0.51147639249	0.586425334499	0.422800292524	0.441287602122	0.667372043761	0.776109462495	0.576037509969	0.816431004392	0.698390197742	0.689884073875	0.757061230013	0.773727176117	0.785908720619	0.539167862614	0.803050851165	0.529823248912	0.677736831573	0.582455587462	0.55831930367	0.673108164532	0.701685228572	0.591386338265	0.611105713128	0.5270612823	0.596769871154	0.614371320566	0.657286285679	0.746081329432	0.62047147635	0.646415013393	0.378077863121
CS.177	0.427399425546	0.639465536474	0.413476504935	0.498650261953	0.378509058241	0.0	0.570096788954	0.317016077343	0.437308116102	0.586152764068	0.465343683991	0.358981042409	0.353337833603	0.382321882804	0.701890164663	0.507575901786	0.53542773993	0.582984916002	0.611067555019	0.412099617695	0.485580269682	0.463627285554	0.584388392102	0.417193046622	0.47915796604	0.567362167851	0.384175185886	0.534693529145	0.626193126828	0.750168676708	0.525131830124	0.820361536247	0.655323618178	0.696200071416	0.720087875797	0.771407572046	0.782180367842	0.6043099641	0.76310057697	0.563630481122	0.634807810649	0.585712350523	0.560345058052	0.662028426123	0.677580228965	0.677235553471	0.613022416355	0.513597329452	0.578921053653	0.620001344163	0.666636955359	0.740821969098	0.665568084446	0.615872418068	0.398055690232
CS.178	0.649422893486	0.666418428258	0.552430152289	0.641464977084	0.42744655551	0.570096788954	0.0	0.615209396872	0.607078590317	0.565046687362	0.611061878824	0.544386129535	0.67045512718	0.560921970765	0.766120261762	0.645307264654	0.646289395307	0.657770736882	0.631916353567	0.497457042875	0.617984270999	0.639771693288	0.711783620571	0.685534927437	0.687673349924	0.603658712677	0.557166982227	0.627519360818	0.652911223692	0.750152671253	0.675424949781	0.729643971467	0.722147956056	0.620681510709	0.636889511398	0.676880941685	0.690858731061	0.513008872739	0.790275471658	0.512463601319	0.630800194031	0.604190223521	0.635021214235	0.648564246329	0.727455435609	0.600456161772	0.619525694162	0.574310488791	0.60627548356	0.615747740031	0.701316371406	0.733591372593	0.637740697986	0.653415779794	0.49929023667
CS.181	0.422478501424	0.664517017846	0.422897295812	0.556203037266	0.427376240614	0.317016077343	0.615209396872	0.0	0.532511784561	0.605399296998	0.482146703224	0.382217294625	0.461577705801	0.397517857234	0.631751729392	0.488914356267	0.585395034874	0.573455889862	0.581965948582	0.44486187038	0.533118175745	0.486778196679	0.638798118448	0.50858190667	0.502037300441	0.561770327063	0.426550528996	0.506586629142	0.582655945073	0.774298122681	0.546927646035	0.840130993601	0.675173732815	0.717493095641	0.720044441801	0.782429650842	0.785469450429	0.642580489686	0.819869732144	0.564468524283	0.645180187024	0.545812242411	0.570889436703	0.674880897743	0.666584364935	0.60503610241	0.640579313089	0.49683930644	0.598281604277	0.655316837808	0.673595680613	0.740271540376	0.661718471199	0.635789539488	0.426491912683
CS.222	0.528698193449	0.752799939188	0.571750878565	0.640930430455	0.488520942116	0.437308116102	0.607078590317	0.532511784561	0.0	0.643500767003	0.481151439206	0.491944888356	0.587425258772	0.492112514449	0.763299792153	0.489234266681	0.498725285008	0.424208274314	0.705303892633	0.497476204586	0.521567406017	0.505919461102	0.433400845824	0.507119513104	0.706566587454	0.448325624102	0.473325356065	0.549564582461	0.720637727087	0.751700615008	0.541649306044	0.806519734247	0.755226713125	0.731508022097	0.790869721702	0.775074061054	0.811119008394	0.678604525974	0.833063115571	0.605443195792	0.740286856432	0.650300839432	0.681758604871	0.769601607831	0.828110034476	0.707051186956	0.747283187598	0.685114496761	0.696204712884	0.688841275245	0.799494924906	0.824702926399	0.687726846048	0.796578107934	0.517532006687
CS.248	0.672579090858	0.698081707622	0.600940182994	0.749676564099	0.563502409082	0.586152764068	0.565046687362	0.605399296998	0.643500767003	0.0	0.640935491339	0.566930635002	0.585489806586	0.603426057319	0.637358183054	0.650406433939	0.665979768303	0.665546093127	0.683292610415	0.500885765942	0.692533205715	0.592823830054	0.793253083746	0.724705962296	0.677867832444	0.719736008454	0.562595064064	0.604850307951	0.671010111638	0.768229896025	0.699077902499	0.795573438172	0.803951956279	0.727766433955	0.769246691201	0.777332960362	0.740119193529	0.643056586775	0.776548147578	0.59002673419	0.730841364281	0.704951417322	0.672902526522	0.709956420643	0.763348618152	0.594701788024	0.667947429597	0.694260624592	0.71738247503	0.729702264446	0.785323219793	0.7975343097	0.65115804827	0.744948722252	0.54368493739
CS.249	0.533957624049	0.683580378332	0.543040157372	0.637657410104	0.520158741722	0.465343683991	0.611061878824	0.482146703224	0.481151439206	0.640935491339	0.0	0.494706171504	0.509192823608	0.482047205163	0.655190364315	0.572320691208	0.467076882968	0.520048224682	0.706631900233	0.457153002432	0.475930102367	0.446127951871	0.572193620945	0.508042399032	0.623548801667	0.429023104985	0.526974770236	0.592485966179	0.630528623424	0.721907113087	0.409654119216	0.84979690756	0.685236208166	0.724439251205	0.746984694083	0.793992145296	0.80900026788	0.607102240956	0.7885529798	0.597207981018	0.673224532486	0.582216171082	0.667046515382	0.727304251658	0.775318654589	0.624363998676	0.711802071122	0.62188922949	0.672856746287	0.699839509324	0.782363245578	0.795097138313	0.653101413507	0.750664012591	0.532119175635
CS.255	0.428631983618	0.619226514899	0.417209234655	0.57027279018	0.429020376081	0.358981042409	0.544386129535	0.382217294625	0.491944888356	0.566930635002	0.494706171504	0.0	0.357046468685	0.284326365367	0.783357117005	0.420368885437	0.426142871537	0.570853614222	0.561464642464	0.37196856356	0.595982522121	0.424643709972	0.61286657976	0.44844433419	0.41399514567	0.539172807048	0.355154588104	0.57207901619	0.615438201124	0.687211379876	0.489528809908	0.763172057359	0.673580332724	0.629041578752	0.657718405738	0.714305888141	0.760332646291	0.618987819886	0.787834781684	0.527967969125	0.652511999103	0.590762074528	0.56555025545	0.631531971519	0.68629533817	0.65993106487	0.541967173326	0.530939679507	0.555987283631	0.586805314829	0.678002221632	0.718408184902	0.62682505021	0.618461714504	0.418686070243
CS.256	0.398976699308	0.677177278569	0.489043451507	0.563661815119	0.53026742367	0.353337833603	0.67045512718	0.461577705801	0.587425258772	0.585489806586	0.509192823608	0.357046468685	0.0	0.404534577067	0.674789781304	0.625839180174	0.50571341843	0.602921188736	0.645499234966	0.423092434658	0.656358435836	0.493364166496	0.581498298246	0.515995102691	0.537304926462	0.579511333342	0.511908261355	0.563206548206	0.657358756853	0.735136933666	0.486433693716	0.804657960427	0.710529169068	0.713852083103	0.714397841521	0.807710989375	0.779662365535	0.646721373696	0.797424245415	0.556803036966	0.670961751673	0.604084178221	0.631655740616	0.658342886056	0.694235608145	0.696091397352	0.581228016038	0.54700879771	0.598345476354	0.670837822262	0.701689145332	0.742239447363	0.707372734576	0.635061784517	0.519967299063
CS.262	0.419468997226	0.628481684455	0.403055849164	0.525157023905	0.429249976468	0.382321882804	0.560921970765	0.397517857234	0.492112514449	0.603426057319	0.482047205163	0.284326365367	0.404534577067	0.0	0.786212826663	0.475611449274	0.384766258691	0.494555792596	0.6218022288	0.394572858534	0.590790812852	0.373375005409	0.533413712409	0.369461638794	0.448661871302	0.474150022882	0.420863068962	0.529759926371	0.685421862316	0.655320333269	0.494380308744	0.818383503188	0.647405261077	0.640059178515	0.685328662699	0.71161863508	0.792078251601	0.627922378573	0.787963569422	0.567886916237	0.658760222642	0.567888956091	0.547859714422	0.650423366702	0.642025584118	0.619312075161	0.615452722251	0.522288535046	0.578483022076	0.604177086111	0.635007643139	0.725415519316	0.621420701256	0.596878380751	0.414783796749
CS.268	0.709507318358	0.803679993739	0.734760715336	0.787284953113	0.704928853677	0.701890164663	0.766120261762	0.631751729392	0.763299792153	0.637358183054	0.655190364315	0.783357117005	0.674789781304	0.786212826663	0.0	0.770800198239	0.75122510668	0.792460342855	0.779745525991	0.673223086987	0.719533908248	0.757384619578	0.826270827257	0.841122576254	0.768085096164	0.739149607126	0.694394763205	0.60253340389	0.741748267385	0.85217878281	0.710355772323	0.873097752501	0.860069810605	0.791562539657	0.832127691242	0.846419676358	0.872586332364	0.763191247347	0.809629071674	0.67631503881	0.817171095993	0.741577462694	0.810333069273	0.792045711933	0.838446113293	0.651263833638	0.791007171477	0.751965206691	0.799189643337	0.802451535832	0.839245485444	0.832581427998	0.747996282043	0.817441928504	0.685419567421
CS.275	0.552605738844	0.680344605757	0.487130026825	0.618336896656	0.532250955546	0.507575901786	0.645307264654	0.488914356267	0.489234266681	0.650406433939	0.572320691208	0.420368885437	0.625839180174	0.475611449274	0.770800198239	0.0	0.395917979664	0.520656208411	0.62275270193	0.51381751526	0.626943482371	0.520017323635	0.564543007431	0.611310269467	0.438542601903	0.536540951409	0.465809709961	0.517911660366	0.654874129441	0.737046863694	0.580739405462	0.846922823248	0.789244330362	0.697867304919	0.725067772467	0.76834194824	0.818512710735	0.623335577819	0.771735098217	0.56888238608	0.694198293411	0.607103248435	0.663680853582	0.72867803603	0.771302664793	0.629587490787	0.690067462731	0.619568758017	0.627075800732	0.666211805166	0.763296750451	0.772446502421	0.670641223552	0.756933567999	0.557822373559
CS.290	0.449953837004	0.704977102209	0.551867356644	0.6727021308	0.550304803559	0.53542773993	0.646289395307	0.585395034874	0.498725285008	0.665979768303	0.467076882968	0.426142871537	0.50571341843	0.384766258691	0.75122510668	0.395917979664	0.0	0.480052597176	0.689905776476	0.523608321252	0.565637735051	0.487147111482	0.501738270153	0.493028288546	0.478405517095	0.486835961986	0.50315838323	0.631124812572	0.697225483357	0.675698306722	0.472616852721	0.840813512648	0.753406143121	0.696666726245	0.72215642201	0.761656448108	0.800094893657	0.637666862392	0.802794383198	0.583862854745	0.699644116451	0.624757233143	0.676264111229	0.719074993618	0.775395372215	0.673873392047	0.702711215087	0.638386392542	0.63024480129	0.673469980496	0.757503547674	0.772471620764	0.712129665056	0.744629522046	0.573348064284
CS.308.0	0.386910443182	0.761831532256	0.626035011808	0.695288389209	0.594748749845	0.582984916002	0.657770736882	0.573455889862	0.424208274314	0.665546093127	0.520048224682	0.570853614222	0.602921188736	0.494555792596	0.792460342855	0.520656208411	0.480052597176	0.0	0.740530379212	0.537141269465	0.61731595417	0.48994907319	0.443531115481	0.457852701109	0.712861413557	0.460370191039	0.574766248722	0.598382246163	0.691329955348	0.838976986435	0.53633952953	0.866130959212	0.833481382387	0.804881012222	0.798023370563	0.825997510475	0.792593101089	0.689719487962	0.864692106723	0.682824440285	0.705583761922	0.633971653319	0.706475442548	0.799344698102	0.822453403652	0.704282383437	0.780646518265	0.69750161487	0.724278499702	0.759024850128	0.81192248577	0.83104170913	0.738032626047	0.799282595717	0.613961529908
CS.311	0.614265245822	0.370500972733	0.539744526794	0.599552558651	0.630609372775	0.611067555019	0.631916353567	0.581965948582	0.705303892633	0.683292610415	0.706631900233	0.561464642464	0.645499234966	0.6218022288	0.779745525991	0.62275270193	0.689905776476	0.740530379212	0.0	0.620674506741	0.78415522389	0.689985949565	0.798660741609	0.744606668475	0.587507574171	0.772434148038	0.55150713434	0.673277223617	0.419631252397	0.744848600815	0.636156223604	0.413329296653	0.51234661562	0.555202982675	0.589573065297	0.473714166192	0.545609030481	0.665908241439	0.777727399494	0.613192754967	0.35086998064	0.383824140297	0.500168536021	0.313410894029	0.445443736892	0.421956409126	0.371620362329	0.420972588103	0.36774287879	0.276699474415	0.374733479179	0.367393694727	0.328346460969	0.372056586296	0.527199433919
CS.312	0.5009661812	0.617095148706	0.413511818988	0.53982513974	0.356377616365	0.412099617695	0.497457042875	0.44486187038	0.497476204586	0.500885765942	0.457153002432	0.37196856356	0.423092434658	0.394572858534	0.673223086987	0.51381751526	0.523608321252	0.537141269465	0.620674506741	0.0	0.579314174912	0.458250160919	0.66025345682	0.529709870273	0.566474791286	0.513659476976	0.420311705206	0.521575939351	0.65758395074	0.749643877365	0.481067295662	0.798065223989	0.726632766844	0.670733032961	0.710098653833	0.774893433288	0.745155685863	0.572917207114	0.767172759582	0.486517572266	0.662760158226	0.51222489737	0.612852004267	0.638487509283	0.740265846877	0.538639822643	0.587640670643	0.547364490336	0.597275464212	0.627439934867	0.734332527951	0.729536626367	0.605220650071	0.669701362933	0.414469079782
CS.325	0.63821406346	0.776545884692	0.659552205239	0.719692364457	0.571796540312	0.485580269682	0.617984270999	0.533118175745	0.521567406017	0.692533205715	0.475930102367	0.595982522121	0.656358435836	0.590790812852	0.719533908248	0.626943482371	0.565637735051	0.61731595417	0.78415522389	0.579314174912	0.0	0.58828407522	0.589528719677	0.575272969659	0.734673564659	0.54244574362	0.585371272167	0.71295834381	0.705133670114	0.758684593232	0.589688289853	0.874161725883	0.751464295033	0.824759506927	0.807390439414	0.803691672636	0.79905614191	0.709293406102	0.846450159677	0.673840358584	0.727591657193	0.666626036206	0.763499211084	0.81400760207	0.848066118325	0.776062750165	0.813815584644	0.723162433913	0.74582720674	0.777725217813	0.845862255604	0.855942725226	0.769505870778	0.819910496413	0.633762253693
CS.326	0.455660072794	0.67253551211	0.487701310373	0.610909062159	0.497596952566	0.463627285554	0.639771693288	0.486778196679	0.505919461102	0.592823830054	0.446127951871	0.424643709972	0.493364166496	0.373375005409	0.757384619578	0.520017323635	0.487147111482	0.48994907319	0.689985949565	0.458250160919	0.58828407522	0.0	0.570973154999	0.457756464387	0.600091509029	0.517569594344	0.494002061174	0.563617298948	0.626012843217	0.768490024831	0.479491334533	0.847193501137	0.746358065772	0.705277898001	0.757639032875	0.739775801463	0.654556028155	0.555644574825	0.617765682058	0.615664551436	0.674983567648	0.555368102702	0.599485217981	0.673774585705	0.642699171758	0.645796129427	0.658513697206	0.563962571986	0.603499568764	0.657455184472	0.727896589224	0.762403359425	0.67118968637	0.686646765444	0.512902791635
CS.335	0.477053449267	0.81671488083	0.688717391948	0.678054065393	0.676706445866	0.584388392102	0.711783620571	0.638798118448	0.433400845824	0.793253083746	0.572193620945	0.61286657976	0.581498298246	0.533413712409	0.826270827257	0.564543007431	0.501738270153	0.443531115481	0.798660741609	0.66025345682	0.589528719677	0.570973154999	0.0	0.567634993243	0.726689377445	0.491684981172	0.653572880645	0.622036741485	0.764142391441	0.641704999999	0.604035910386	0.878408771151	0.873812943854	0.80937124101	0.792136657446	0.796133015378	0.82995991285	0.71980402024	0.846358973116	0.658417092181	0.765095074829	0.689604175594	0.783815730952	0.810644808763	0.842329323876	0.77557522357	0.810409709861	0.718065455964	0.732571078295	0.759084165254	0.833691602118	0.860879041429	0.796609919376	0.810812963897	0.710297726337
CS.358	0.383716059368	0.737222530006	0.555259080726	0.575355808105	0.53103358994	0.417193046622	0.685534927437	0.50858190667	0.507119513104	0.724705962296	0.508042399032	0.44844433419	0.515995102691	0.369461638794	0.841122576254	0.611310269467	0.493028288546	0.457852701109	0.744606668475	0.529709870273	0.575272969659	0.457756464387	0.567634993243	0.0	0.574907193113	0.510215381048	0.461024834859	0.639963617897	0.740561835637	0.801429492956	0.489924778966	0.878955672043	0.655576138455	0.78939906054	0.824020483689	0.839660484862	0.839003339135	0.732775254414	0.874620082023	0.701900703528	0.740284853441	0.66834740103	0.635487956377	0.773009610607	0.705547727558	0.760219673591	0.738558066604	0.631678456838	0.674339148761	0.746066348669	0.706694711931	0.80185286251	0.75588688928	0.691746173077	0.500457603912
CS.360	0.590166539348	0.650815330379	0.453291281649	0.525612429733	0.51147639249	0.47915796604	0.687673349924	0.502037300441	0.706566587454	0.677867832444	0.623548801667	0.41399514567	0.537304926462	0.448661871302	0.768085096164	0.438542601903	0.478405517095	0.712861413557	0.587507574171	0.566474791286	0.734673564659	0.600091509029	0.726689377445	0.574907193113	0.0	0.737727107858	0.482522056373	0.495680873776	0.669208701776	0.706751739512	0.632979693678	0.816674457092	0.648912728951	0.676201731601	0.66221236488	0.733798963123	0.817759573274	0.614431864413	0.791126933219	0.590937320901	0.646358065721	0.612882985445	0.564465111072	0.621199938357	0.496981707212	0.666330611558	0.528075986357	0.467562956677	0.443970222032	0.539290413909	0.606882897957	0.654649396323	0.658923386327	0.485527764196	0.475302950283
CS.369	0.501260766384	0.767836259182	0.645539270548	0.681245221538	0.586425334499	0.567362167851	0.603658712677	0.561770327063	0.448325624102	0.719736008454	0.429023104985	0.539172807048	0.579511333342	0.474150022882	0.739149607126	0.536540951409	0.486835961986	0.460370191039	0.772434148038	0.513659476976	0.54244574362	0.517569594344	0.491684981172	0.510215381048	0.737727107858	0.0	0.607461674269	0.581988614377	0.725192399931	0.808756066504	0.499057444388	0.8823301354	0.780621913247	0.807655858629	0.811252043673	0.807761648661	0.828345398369	0.729350206611	0.860743510144	0.666520704916	0.765556064582	0.668086663443	0.746141315862	0.821386814656	0.853705030797	0.686542221703	0.789374400383	0.700190429759	0.733462239928	0.768566597872	0.841243649029	0.856310173643	0.751308914831	0.825569046817	0.658915236671
CS.370	0.503344632114	0.623219221166	0.43630411461	0.630558450547	0.422800292524	0.384175185886	0.557166982227	0.426550528996	0.473325356065	0.562595064064	0.526974770236	0.355154588104	0.511908261355	0.420863068962	0.694394763205	0.465809709961	0.50315838323	0.574766248722	0.55150713434	0.420311705206	0.585371272167	0.494002061174	0.653572880645	0.461024834859	0.482522056373	0.607461674269	0.0	0.59238997922	0.577536735777	0.70983554118	0.521995231903	0.77393092146	0.721046036589	0.617013484682	0.663151352013	0.702534590278	0.761782169841	0.593726286418	0.775194770796	0.50782076501	0.632902757384	0.586345125246	0.605604952018	0.63266097734	0.731539804629	0.62349475712	0.623266936667	0.559969375962	0.540861318827	0.584545984767	0.709040007318	0.723319859712	0.589221024578	0.675449776942	0.349886300349
CS.391	0.563328219993	0.66916415304	0.492275814342	0.495223239725	0.441287602122	0.534693529145	0.627519360818	0.506586629142	0.549564582461	0.604850307951	0.592485966179	0.57207901619	0.563206548206	0.529759926371	0.60253340389	0.517911660366	0.631124812572	0.598382246163	0.673277223617	0.521575939351	0.71295834381	0.563617298948	0.622036741485	0.639963617897	0.495680873776	0.581988614377	0.59238997922	0.0	0.664789949998	0.805926630397	0.624538527701	0.859307258863	0.690931314014	0.706052529632	0.748968896339	0.813759688271	0.835019029533	0.631337701426	0.81752139993	0.535839913873	0.700989000152	0.593380007965	0.600301012564	0.698186479762	0.652656231755	0.563037433333	0.642294053015	0.541236429438	0.643710468823	0.661004852132	0.637199242831	0.76305858491	0.640196622575	0.640426105323	0.479349899846
CS.393	0.621028394917	0.477688222748	0.561747696544	0.610234660768	0.667372043761	0.626193126828	0.652911223692	0.582655945073	0.720637727087	0.671010111638	0.630528623424	0.615438201124	0.657358756853	0.685421862316	0.741748267385	0.654874129441	0.697225483357	0.691329955348	0.419631252397	0.65758395074	0.705133670114	0.626012843217	0.764142391441	0.740561835637	0.669208701776	0.725192399931	0.577536735777	0.664789949998	0.0	0.840639406806	0.602845958552	0.565962027933	0.688515701272	0.705478791268	0.690754903042	0.560262341435	0.469522175455	0.621169474658	0.764155327478	0.617470009214	0.408640670656	0.39322827665	0.631219181377	0.470813504813	0.531350784497	0.45733639224	0.516427185305	0.462315576335	0.46320805856	0.455041709493	0.528304083844	0.531739281483	0.424619483831	0.506997381699	0.600525039105
L.002.M1	0.805310160662	0.785895538799	0.694705490753	0.80806668271	0.776109462495	0.750168676708	0.750152671253	0.774298122681	0.751700615008	0.768229896025	0.721907113087	0.687211379876	0.735136933666	0.655320333269	0.85217878281	0.737046863694	0.675698306722	0.838976986435	0.744848600815	0.749643877365	0.758684593232	0.768490024831	0.641704999999	0.801429492956	0.706751739512	0.808756066504	0.70983554118	0.805926630397	0.840639406806	0.0	0.720770672784	0.742604126372	0.700048142182	0.676782453247	0.707430041322	0.710029635645	0.919433754509	0.739636908517	0.786261767173	0.685321096424	0.837223475095	0.794179535374	0.787347202651	0.735958260361	0.804340414391	0.760442243977	0.770728894281	0.766189934933	0.756610778622	0.708808548965	0.815619646126	0.814453746069	0.789517978773	0.758923641353	0.719438085633
L.002.M6.0	0.421371458968	0.70360649933	0.488346538659	0.659984441129	0.576037509969	0.525131830124	0.675424949781	0.546927646035	0.541649306044	0.699077902499	0.409654119216	0.489528809908	0.486433693716	0.494380308744	0.710355772323	0.580739405462	0.472616852721	0.53633952953	0.636156223604	0.481067295662	0.589688289853	0.479491334533	0.604035910386	0.489924778966	0.632979693678	0.499057444388	0.521995231903	0.624538527701	0.602845958552	0.720770672784	0.0	0.820053642028	0.659959754444	0.695463380565	0.74665787224	0.760146584399	0.774284895646	0.591981249982	0.784720252871	0.634130178432	0.688808564319	0.597573870834	0.690540196504	0.71895281198	0.765204555304	0.670033285768	0.681071177893	0.61787837366	0.63649776281	0.683932112143	0.763954438712	0.763018734822	0.685843641578	0.760414911067	0.585676779773
L.003.M1	0.850266913177	0.427935407976	0.768832222832	0.726422346257	0.816431004392	0.820361536247	0.729643971467	0.840130993601	0.806519734247	0.795573438172	0.84979690756	0.763172057359	0.804657960427	0.818383503188	0.873097752501	0.846922823248	0.840813512648	0.866130959212	0.413329296653	0.798065223989	0.874161725883	0.847193501137	0.878408771151	0.878955672043	0.816674457092	0.8823301354	0.77393092146	0.859307258863	0.565962027933	0.742604126372	0.820053642028	0.0	0.489824529082	0.668256269824	0.674973804955	0.409433269848	0.512016862466	0.781661230597	0.834609212302	0.728931622444	0.386818923041	0.527274793332	0.557921268677	0.359725605012	0.500227920316	0.586717601404	0.471891141678	0.597307704507	0.51656244589	0.424353099617	0.290341540877	0.260107366881	0.397176668651	0.449333643874	0.688825276094
L.003.M6	0.70978372217	0.628047650189	0.58449928526	0.552447110389	0.698390197742	0.655323618178	0.722147956056	0.675173732815	0.755226713125	0.803951956279	0.685236208166	0.673580332724	0.710529169068	0.647405261077	0.860069810605	0.789244330362	0.753406143121	0.833481382387	0.51234661562	0.726632766844	0.751464295033	0.746358065772	0.873812943854	0.655576138455	0.648912728951	0.780621913247	0.721046036589	0.690931314014	0.688515701272	0.700048142182	0.659959754444	0.489824529082	0.0	0.616804764375	0.6329387233	0.514109163719	0.655388662204	0.747129801779	0.805511517506	0.726882234971	0.610769435127	0.604560551422	0.473245574738	0.51495326442	0.466217665668	0.603923732539	0.516319991614	0.529148253464	0.532164666396	0.483358791427	0.45032553337	0.527888197066	0.595715137763	0.506413711772	0.592178529082
L.022.M1	0.732645750838	0.630875442817	0.623672437318	0.692894836432	0.689884073875	0.696200071416	0.620681510709	0.717493095641	0.731508022097	0.727766433955	0.724439251205	0.629041578752	0.713852083103	0.640059178515	0.791562539657	0.697867304919	0.696666726245	0.804881012222	0.555202982675	0.670733032961	0.824759506927	0.705277898001	0.80937124101	0.78939906054	0.676201731601	0.807655858629	0.617013484682	0.706052529632	0.705478791268	0.676782453247	0.695463380565	0.668256269824	0.616804764375	0.0	0.426581030337	0.617463807108	0.770788907898	0.617405084635	0.670473703554	0.560339485587	0.675360761944	0.626000720445	0.601147300629	0.54516721321	0.636934644164	0.62165418202	0.550559354479	0.58417631863	0.576441023979	0.519883297225	0.653819413796	0.64020947505	0.605718770878	0.593991127643	0.565733320238
L.022.M6	0.729269042767	0.680301753942	0.670360269936	0.715675417184	0.757061230013	0.720087875797	0.636889511398	0.720044441801	0.790869721702	0.769246691201	0.746984694083	0.657718405738	0.714397841521	0.685328662699	0.832127691242	0.725067772467	0.72215642201	0.798023370563	0.589573065297	0.710098653833	0.807390439414	0.757639032875	0.792136657446	0.824020483689	0.66221236488	0.811252043673	0.663151352013	0.748968896339	0.690754903042	0.707430041322	0.74665787224	0.674973804955	0.6329387233	0.426581030337	0.0	0.549828373054	0.736504538006	0.669999300563	0.733792794572	0.561443946541	0.623742244663	0.58779642992	0.618404787154	0.505558212269	0.588947213017	0.603189933831	0.534896719005	0.535225566586	0.533679813537	0.528867845382	0.636556605219	0.590185904616	0.62869210265	0.520178239348	0.638290882381
L.024.M1	0.798711033195	0.57601625611	0.708614693799	0.650778351697	0.773727176117	0.771407572046	0.676880941685	0.782429650842	0.775074061054	0.777332960362	0.793992145296	0.714305888141	0.807710989375	0.71161863508	0.846419676358	0.76834194824	0.761656448108	0.825997510475	0.473714166192	0.774893433288	0.803691672636	0.739775801463	0.796133015378	0.839660484862	0.733798963123	0.807761648661	0.702534590278	0.813759688271	0.560262341435	0.710029635645	0.760146584399	0.409433269848	0.514109163719	0.617463807108	0.549828373054	0.0	0.467264392082	0.66093006167	0.714674100077	0.677125836948	0.539285568461	0.520429723427	0.561877681714	0.367653331503	0.407158217001	0.500190648528	0.447355738044	0.484567024233	0.423164721764	0.396438852299	0.450206108175	0.42213453762	0.517518703081	0.423183651081	0.632955530633
L.024.M6	0.79162987157	0.622636873515	0.745978122403	0.69189014458	0.785908720619	0.782180367842	0.690858731061	0.785469450429	0.811119008394	0.740119193529	0.80900026788	0.760332646291	0.779662365535	0.792078251601	0.872586332364	0.818512710735	0.800094893657	0.792593101089	0.545609030481	0.745155685863	0.79905614191	0.654556028155	0.82995991285	0.839003339135	0.817759573274	0.828345398369	0.761782169841	0.835019029533	0.469522175455	0.919433754509	0.774284895646	0.512016862466	0.655388662204	0.770788907898	0.736504538006	0.467264392082	0.0	0.670908261906	0.666179471558	0.685175039214	0.522746652788	0.501242171283	0.684251900747	0.521689228835	0.52424283694	0.58702695987	0.555318795115	0.5614282134	0.513141115748	0.548613583926	0.558957960985	0.569535219991	0.574020699803	0.543960746119	0.705448778847
L.031.M1	0.651868365334	0.709366793383	0.567920437811	0.669608446148	0.539167862614	0.6043099641	0.513008872739	0.642580489686	0.678604525974	0.643056586775	0.607102240956	0.618987819886	0.646721373696	0.627922378573	0.763191247347	0.623335577819	0.637666862392	0.689719487962	0.665908241439	0.572917207114	0.709293406102	0.555644574825	0.71980402024	0.732775254414	0.614431864413	0.729350206611	0.593726286418	0.631337701426	0.621169474658	0.739636908517	0.591981249982	0.781661230597	0.747129801779	0.617405084635	0.669999300563	0.66093006167	0.670908261906	0.0	0.59326955294	0.551334413023	0.694536003444	0.598680538762	0.679100034587	0.639737177966	0.670604842361	0.640224882451	0.672742160942	0.555653089467	0.568569317227	0.636991321419	0.729176871971	0.72844786336	0.700146309498	0.692353061926	0.539455498416
L.031.M6	0.800054775919	0.798817434474	0.735300315863	0.821243359208	0.803050851165	0.76310057697	0.790275471658	0.819869732144	0.833063115571	0.776548147578	0.7885529798	0.787834781684	0.797424245415	0.787963569422	0.809629071674	0.771735098217	0.802794383198	0.864692106723	0.777727399494	0.767172759582	0.846450159677	0.617765682058	0.846358973116	0.874620082023	0.791126933219	0.860743510144	0.775194770796	0.81752139993	0.764155327478	0.786261767173	0.784720252871	0.834609212302	0.805511517506	0.670473703554	0.733792794572	0.714674100077	0.666179471558	0.59326955294	0.0	0.717412684736	0.839331891945	0.794842435539	0.782538706304	0.733410067448	0.761117145513	0.758741701839	0.772788557937	0.754360905538	0.754685286707	0.734189944669	0.82789413661	0.823649742168	0.804665561293	0.779796272831	0.763594076577
L.034.M6	0.596805204697	0.674868168289	0.50939987569	0.582453873291	0.529823248912	0.563630481122	0.512463601319	0.564468524283	0.605443195792	0.59002673419	0.597207981018	0.527967969125	0.556803036966	0.567886916237	0.67631503881	0.56888238608	0.583862854745	0.682824440285	0.613192754967	0.486517572266	0.673840358584	0.615664551436	0.658417092181	0.701900703528	0.590937320901	0.666520704916	0.50782076501	0.535839913873	0.617470009214	0.685321096424	0.634130178432	0.728931622444	0.726882234971	0.560339485587	0.561443946541	0.677125836948	0.685175039214	0.551334413023	0.717412684736	0.0	0.643043693665	0.538691720006	0.600238646255	0.566778563177	0.701288797801	0.597459419664	0.559791125373	0.544392995982	0.535958161011	0.570391798754	0.69489368095	0.717169259478	0.619300130153	0.633036600319	0.509004379809
T.CS.008	0.672864640985	0.287789739696	0.60162010493	0.575961190941	0.677736831573	0.634807810649	0.630800194031	0.645180187024	0.740286856432	0.730841364281	0.673224532486	0.652511999103	0.670961751673	0.658760222642	0.817171095993	0.694198293411	0.699644116451	0.705583761922	0.35086998064	0.662760158226	0.727591657193	0.674983567648	0.765095074829	0.740284853441	0.646358065721	0.765556064582	0.632902757384	0.700989000152	0.408640670656	0.837223475095	0.688808564319	0.386818923041	0.610769435127	0.675360761944	0.623742244663	0.539285568461	0.522746652788	0.694536003444	0.839331891945	0.643043693665	0.0	0.326322518496	0.563187889519	0.33919795995	0.461199954824	0.453834219688	0.424800842168	0.415335321843	0.402737282915	0.361433740972	0.300801186358	0.301402446143	0.279678530622	0.42574893511	0.598374551023
T.CS.018	0.604469935846	0.454839813409	0.533203988358	0.485237040027	0.582455587462	0.585712350523	0.604190223521	0.545812242411	0.650300839432	0.704951417322	0.582216171082	0.590762074528	0.604084178221	0.567888956091	0.741577462694	0.607103248435	0.624757233143	0.633971653319	0.383824140297	0.51222489737	0.666626036206	0.555368102702	0.689604175594	0.66834740103	0.612882985445	0.668086663443	0.586345125246	0.593380007965	0.39322827665	0.794179535374	0.597573870834	0.527274793332	0.604560551422	0.626000720445	0.58779642992	0.520429723427	0.501242171283	0.598680538762	0.794842435539	0.538691720006	0.326322518496	0.0	0.516901535572	0.33052628527	0.421667139429	0.355372234507	0.368834914415	0.323709118039	0.375662756028	0.346658219518	0.426596404091	0.425079072319	0.345732058586	0.400824635673	0.510761132044
T.CS.030	0.622659455862	0.57077538036	0.466750333578	0.517455031842	0.55831930367	0.560345058052	0.635021214235	0.570889436703	0.681758604871	0.672902526522	0.667046515382	0.56555025545	0.631655740616	0.547859714422	0.810333069273	0.663680853582	0.676264111229	0.706475442548	0.500168536021	0.612852004267	0.763499211084	0.599485217981	0.783815730952	0.635487956377	0.564465111072	0.746141315862	0.605604952018	0.600301012564	0.631219181377	0.787347202651	0.690540196504	0.557921268677	0.473245574738	0.601147300629	0.618404787154	0.561877681714	0.684251900747	0.679100034587	0.782538706304	0.600238646255	0.563187889519	0.516901535572	0.0	0.462861904582	0.486715821453	0.548718105879	0.489499455729	0.470705460962	0.488844940844	0.487506691255	0.436874817384	0.492551385187	0.543678586944	0.504615690454	0.489830788715
T.CS.042	0.719274740729	0.375718888036	0.606424638085	0.57321024053	0.673108164532	0.662028426123	0.648564246329	0.674880897743	0.769601607831	0.709956420643	0.727304251658	0.631531971519	0.658342886056	0.650423366702	0.792045711933	0.72867803603	0.719074993618	0.799344698102	0.313410894029	0.638487509283	0.81400760207	0.673774585705	0.810644808763	0.773009610607	0.621199938357	0.821386814656	0.63266097734	0.698186479762	0.470813504813	0.735958260361	0.71895281198	0.359725605012	0.51495326442	0.54516721321	0.505558212269	0.367653331503	0.521689228835	0.639737177966	0.733410067448	0.566778563177	0.33919795995	0.33052628527	0.462861904582	0.0	0.347640177369	0.404387951854	0.305887957628	0.369212999689	0.324950087978	0.27325264237	0.266969714146	0.264062256807	0.309255612082	0.294017903974	0.530737989426
T.CS.051	0.720174964209	0.531227999543	0.622409224966	0.54477877074	0.701685228572	0.677580228965	0.727455435609	0.666584364935	0.828110034476	0.763348618152	0.775318654589	0.68629533817	0.694235608145	0.642025584118	0.838446113293	0.771302664793	0.775395372215	0.822453403652	0.445443736892	0.740265846877	0.848066118325	0.642699171758	0.842329323876	0.705547727558	0.496981707212	0.853705030797	0.731539804629	0.652656231755	0.531350784497	0.804340414391	0.765204555304	0.500227920316	0.466217665668	0.636934644164	0.588947213017	0.407158217001	0.52424283694	0.670604842361	0.761117145513	0.701288797801	0.461199954824	0.421667139429	0.486715821453	0.347640177369	0.0	0.483211029888	0.307726145403	0.35219781594	0.267697021021	0.329412199524	0.337115152267	0.359174809969	0.478188199178	0.209797440286	0.587146426817
T.CS.061	0.656966368789	0.458300279422	0.549678255202	0.579438776896	0.591386338265	0.677235553471	0.600456161772	0.60503610241	0.707051186956	0.594701788024	0.624363998676	0.65993106487	0.696091397352	0.619312075161	0.651263833638	0.629587490787	0.673873392047	0.704282383437	0.421956409126	0.538639822643	0.776062750165	0.645796129427	0.77557522357	0.760219673591	0.666330611558	0.686542221703	0.62349475712	0.563037433333	0.45733639224	0.760442243977	0.670033285768	0.586717601404	0.603923732539	0.62165418202	0.603189933831	0.500190648528	0.58702695987	0.640224882451	0.758741701839	0.597459419664	0.453834219688	0.355372234507	0.548718105879	0.404387951854	0.483211029888	0.0	0.435892405428	0.401596412698	0.44697472179	0.390709289163	0.488478698159	0.486512309446	0.379107601298	0.446903657134	0.506974962377
T.CS.065	0.66870856499	0.444972078954	0.560205138537	0.539940609628	0.611105713128	0.613022416355	0.619525694162	0.640579313089	0.747283187598	0.667947429597	0.711802071122	0.541967173326	0.581228016038	0.615452722251	0.791007171477	0.690067462731	0.702711215087	0.780646518265	0.371620362329	0.587640670643	0.813815584644	0.658513697206	0.810409709861	0.738558066604	0.528075986357	0.789374400383	0.623266936667	0.642294053015	0.516427185305	0.770728894281	0.681071177893	0.471891141678	0.516319991614	0.550559354479	0.534896719005	0.447355738044	0.555318795115	0.672742160942	0.772788557937	0.559791125373	0.424800842168	0.368834914415	0.489499455729	0.305887957628	0.307726145403	0.435892405428	0.0	0.302942082701	0.295606603243	0.233422073138	0.390033512512	0.366566191262	0.391172010312	0.277380534145	0.502064257037
T.CS.069	0.574741344423	0.516390558477	0.457632008884	0.439630991566	0.5270612823	0.513597329452	0.574310488791	0.49683930644	0.685114496761	0.694260624592	0.62188922949	0.530939679507	0.54700879771	0.522288535046	0.751965206691	0.619568758017	0.638386392542	0.69750161487	0.420972588103	0.547364490336	0.723162433913	0.563962571986	0.718065455964	0.631678456838	0.467562956677	0.700190429759	0.559969375962	0.541236429438	0.462315576335	0.766189934933	0.61787837366	0.597307704507	0.529148253464	0.58417631863	0.535225566586	0.484567024233	0.5614282134	0.555653089467	0.754360905538	0.544392995982	0.415335321843	0.323709118039	0.470705460962	0.369212999689	0.35219781594	0.401596412698	0.302942082701	0.0	0.268290731315	0.318282975222	0.416372233411	0.444570907778	0.415452169049	0.349076129234	0.379436264683
